function [baseMVA, bus, gen, branch, areas, gencost] = case57
%CASE57    Power flow data for IEEE 57 bus test case.
%   Please see 'help caseformat' for details on the case file format.

%   MATPOWER
%   $Id$

% 09/25/93 UW ARCHIVE           100.0  1961 W IEEE 57 Bus Test Case

baseMVA = 100.0; 

%bus type  Pd      Qd       Gs      Bs    area  Vm      Va      baseKV zone   Vmax   Vmin
bus = [
   1  3     55.00    17.00    0.000    0.000   1   1.04000    0.000     0.00  1    1.06000  0.94000
   2  2      3.00    88.00    0.000    0.000   1   1.01000   -1.180     0.00  1    1.06000  0.94000
   3  2     41.00    21.00    0.000    0.000   1   0.98500   -5.970     0.00  1    1.06000  0.94000
   4  1      0.00     0.00    0.000    0.000   1   0.98100   -7.320     0.00  1    1.06000  0.94000
   5  1     13.00     4.00    0.000    0.000   1   0.97600   -8.520     0.00  1    1.06000  0.94000
   6  2     75.00     2.00    0.000    0.000   1   0.98000   -8.650     0.00  1    1.06000  0.94000
   7  1      0.00     0.00    0.000    0.000   1   0.98400   -7.580     0.00  1    1.06000  0.94000
   8  2    150.00    22.00    0.000    0.000   1   1.00500   -4.450     0.00  1    1.06000  0.94000
   9  2    121.00    26.00    0.000    0.000   1   0.98000   -9.560     0.00  1    1.06000  0.94000
  10  1      5.00     2.00    0.000    0.000   1   0.98600  -11.430     0.00  1    1.06000  0.94000
  11  1      0.00     0.00    0.000    0.000   1   0.97400  -10.170     0.00  1    1.06000  0.94000
  12  2    377.00    24.00    0.000    0.000   1   1.01500  -10.460     0.00  1    1.06000  0.94000
  13  1     18.00     2.30    0.000    0.000   1   0.97900   -9.790     0.00  1    1.06000  0.94000
  14  1     10.50     5.30    0.000    0.000   1   0.97000   -9.330     0.00  1    1.06000  0.94000
  15  1     22.00     5.00    0.000    0.000   1   0.98800   -7.180     0.00  1    1.06000  0.94000
  16  1     43.00     3.00    0.000    0.000   1   1.01300   -8.850     0.00  1    1.06000  0.94000
  17  1     42.00     8.00    0.000    0.000   1   1.01700   -5.390     0.00  1    1.06000  0.94000
  18  1     27.20     9.80    0.000   10.000   1   1.00100  -11.710     0.00  1    1.06000  0.94000
  19  1      3.30     0.60    0.000    0.000   1   0.97000  -13.200     0.00  1    1.06000  0.94000
  20  1      2.30     1.00    0.000    0.000   1   0.96400  -13.410     0.00  1    1.06000  0.94000
  21  1      0.00     0.00    0.000    0.000   1   1.00800  -12.890     0.00  1    1.06000  0.94000
  22  1      0.00     0.00    0.000    0.000   1   1.01000  -12.840     0.00  1    1.06000  0.94000
  23  1      6.30     2.10    0.000    0.000   1   1.00800  -12.910     0.00  1    1.06000  0.94000
  24  1      0.00     0.00    0.000    0.000   1   0.99900  -13.250     0.00  1    1.06000  0.94000
  25  1      6.30     3.20    0.000    5.900   1   0.98200  -18.130     0.00  1    1.06000  0.94000
  26  1      0.00     0.00    0.000    0.000   1   0.95900  -12.950     0.00  1    1.06000  0.94000
  27  1      9.30     0.50    0.000    0.000   1   0.98200  -11.480     0.00  1    1.06000  0.94000
  28  1      4.60     2.30    0.000    0.000   1   0.99700  -10.450     0.00  1    1.06000  0.94000
  29  1     17.00     2.60    0.000    0.000   1   1.01000   -9.750     0.00  1    1.06000  0.94000
  30  1      3.60     1.80    0.000    0.000   1   0.96200  -18.680     0.00  1    1.06000  0.94000
  31  1      5.80     2.90    0.000    0.000   1   0.93600  -19.340     0.00  1    1.06000  0.94000
  32  1      1.60     0.80    0.000    0.000   1   0.94900  -18.460     0.00  1    1.06000  0.94000
  33  1      3.80     1.90    0.000    0.000   1   0.94700  -18.500     0.00  1    1.06000  0.94000
  34  1      0.00     0.00    0.000    0.000   1   0.95900  -14.100     0.00  1    1.06000  0.94000
  35  1      6.00     3.00    0.000    0.000   1   0.96600  -13.860     0.00  1    1.06000  0.94000
  36  1      0.00     0.00    0.000    0.000   1   0.97600  -13.590     0.00  1    1.06000  0.94000
  37  1      0.00     0.00    0.000    0.000   1   0.98500  -13.410     0.00  1    1.06000  0.94000
  38  1     14.00     7.00    0.000    0.000   1   1.01300  -12.710     0.00  1    1.06000  0.94000
  39  1      0.00     0.00    0.000    0.000   1   0.98300  -13.460     0.00  1    1.06000  0.94000
  40  1      0.00     0.00    0.000    0.000   1   0.97300  -13.620     0.00  1    1.06000  0.94000
  41  1      6.30     3.00    0.000    0.000   1   0.99600  -14.050     0.00  1    1.06000  0.94000
  42  1      7.10     4.40    0.000    0.000   1   0.96600  -15.500     0.00  1    1.06000  0.94000
  43  1      2.00     1.00    0.000    0.000   1   1.01000  -11.330     0.00  1    1.06000  0.94000
  44  1     12.00     1.80    0.000    0.000   1   1.01700  -11.860     0.00  1    1.06000  0.94000
  45  1      0.00     0.00    0.000    0.000   1   1.03600   -9.250     0.00  1    1.06000  0.94000
  46  1      0.00     0.00    0.000    0.000   1   1.05000  -11.890     0.00  1    1.06000  0.94000
  47  1     29.70    11.60    0.000    0.000   1   1.03300  -12.490     0.00  1    1.06000  0.94000
  48  1      0.00     0.00    0.000    0.000   1   1.02700  -12.590     0.00  1    1.06000  0.94000
  49  1     18.00     8.50    0.000    0.000   1   1.03600  -12.920     0.00  1    1.06000  0.94000
  50  1     21.00    10.50    0.000    0.000   1   1.02300  -13.390     0.00  1    1.06000  0.94000
  51  1     18.00     5.30    0.000    0.000   1   1.05200  -12.520     0.00  1    1.06000  0.94000
  52  1      4.90     2.20    0.000    0.000   1   0.98000  -11.470     0.00  1    1.06000  0.94000
  53  1     20.00    10.00    0.000    6.300   1   0.97100  -12.230     0.00  1    1.06000  0.94000
  54  1      4.10     1.40    0.000    0.000   1   0.99600  -11.690     0.00  1    1.06000  0.94000
  55  1      6.80     3.40    0.000    0.000   1   1.03100  -10.780     0.00  1    1.06000  0.94000
  56  1      7.60     2.20    0.000    0.000   1   0.96800  -16.040     0.00  1    1.06000  0.94000
  57  1      6.70     2.00    0.000    0.000   1   0.96500  -16.560     0.00  1    1.06000  0.94000
];     

%bus  Pg       Qg      Qmax    Qmin   Vsp      base  status   Pmax    Pmin
gen = [
   1   478.90   -16.10   300.00  -200.00  1.04000   100.00    1      575.88     0.00
   2     0.00    -0.80    50.00   -17.00  1.01000   100.00    1      100.00     0.00
   3    40.00    -1.00    60.00   -10.00  0.98500   100.00    1      140.00     0.00
   6     0.00     0.80    25.00    -8.00  0.98000   100.00    1      100.00     0.00
   8   450.00    62.10   200.00  -140.00  1.00500   100.00    1      550.00     0.00
   9     0.00     2.20     9.00    -3.00  0.98000   100.00    1      100.00     0.00
  12   310.00   128.50   155.00  -150.00  1.01500   100.00    1      410.00     0.00
];	

%fbus tbus      r     x     b       ratea   rateb   ratec ratio   angle  statu
