function [baseMVA, bus, gen, branch, area, gencost] = case300
%CASE300    Power flow data for IEEE 300 bus test case.
%   Please see 'help caseformat' for details on the case file format.

%   MATPOWER
%   $Id$

% 13/05/91 CYME INTERNATIONAL    100.0 1991 S IEEE 300-BUS TEST SYSTEM
% The system data was originally in IEEE CDF,
% converted to matpower format by cdf2matp.

baseMVA = 100.0; 

%bus type  Pd      Qd       Gs      Bs    area  Vm      Va      baseKV zone   Vmax   Vmin
bus = [
   1  1     90.00    49.00    0.000    0.000   1   1.02840    5.950   115.00  1    1.06000  0.94000
   2  1     56.00    15.00    0.000    0.000   1   1.03540    7.740   115.00  1    1.06000  0.94000
   3  1     20.00     0.00    0.000    0.000   1   0.99710    6.640   230.00  1    1.06000  0.94000
   4  1      0.00     0.00    0.000    0.000   1   1.03080    4.710   345.00  1    1.06000  0.94000
   5  1    353.00   130.00    0.000    0.000   1   1.01910    4.680   115.00  1    1.06000  0.94000
   6  1    120.00    41.00    0.000    0.000   1   1.03120    6.990   115.00  1    1.06000  0.94000
   7  1      0.00     0.00    0.000    0.000   1   0.99340    6.190   230.00  1    1.06000  0.94000
   8  2     63.00    14.00    0.000    0.000   1   1.01530    2.400   115.00  1    1.06000  0.94000
   9  1     96.00    43.00    0.000    0.000   1   1.00340    2.850   115.00  1    1.06000  0.94000
  10  2    153.00    33.00    0.000    0.000   1   1.02050    1.350   230.00  1    1.06000  0.94000
  11  1     83.00    21.00    0.000    0.000   1   1.00570    2.460   115.00  1    1.06000  0.94000
  12  1      0.00     0.00    0.000    0.000   1   0.99740    5.210   230.00  1    1.06000  0.94000
  13  1     58.00    10.00    0.000    0.000   1   0.99770   -0.550   115.00  1    1.06000  0.94000
  14  1    160.00    60.00    0.000    0.000   1   0.99910   -4.810   115.00  1    1.06000  0.94000
  15  1    126.70    23.00    0.000    0.000   1   1.03430   -8.590   115.00  1    1.06000  0.94000
  16  1      0.00     0.00    0.000    0.000   1   1.03150   -2.650   345.00  1    1.06000  0.94000
  17  1    561.00   220.00    0.000    0.000   1   1.06490  -13.100   115.00  1    1.06000  0.94000
  19  1      0.00     0.00    0.000    0.000   1   0.98200    1.080   230.00  1    1.06000  0.94000
  20  2    605.00   120.00    0.000    0.000   1   1.00100   -2.460   115.00  1    1.06000  0.94000
  21  1     77.00     1.00    0.000    0.000   1   0.97520    1.620   230.00  1    1.06000  0.94000
  22  1     81.00    23.00    0.000    0.000   1   0.99630   -1.970   115.00  1    1.06000  0.94000
  23  1     21.00     7.00    0.000    0.000   1   1.05010    3.940   115.00  1    1.06000  0.94000
  24  1      0.00     0.00    0.000    0.000   1   1.00570    6.020   230.00  1    1.06000  0.94000
  25  1     45.00    12.00    0.000    0.000   1   1.02340    1.440   115.00  1    1.06000  0.94000
  26  1     28.00     9.00    0.000    0.000   1   0.99860   -1.730   115.00  1    1.06000  0.94000
  27  1     69.00    13.00    0.000    0.000   1   0.97500   -4.900   115.00  1    1.06000  0.94000
  33  1     55.00     6.00    0.000    0.000   1   1.02440  -12.020   115.00  1    1.06000  0.94000
  34  1      0.00     0.00    0.000    0.000   1   1.04140   -7.940   345.00  1    1.06000  0.94000
  35  1      0.00     0.00    0.000    0.000   1   0.97570  -25.720   115.00  1    1.06000  0.94000
  36  1      0.00     0.00    0.000    0.000   1   1.00110  -22.590   230.00  1    1.06000  0.94000
  37  1     85.00    32.00    0.000    0.000   1   1.02010  -11.230   115.00  1    1.06000  0.94000
  38  1    155.00    18.00    0.000    0.000   1   1.02020  -12.560   115.00  1    1.06000  0.94000
  39  1      0.00     0.00    0.000    0.000   1   1.05350   -5.810   345.00  1    1.06000  0.94000
  40  1     46.00   -21.00    0.000    0.000   1   1.02160  -12.780   115.00  1    1.06000  0.94000
  41  1     86.00     0.00    0.000    0.000   1   1.02920  -10.450   115.00  1    1.06000  0.94000
  42  1      0.00     0.00    0.000    0.000   1   1.04480   -7.440   345.00  1    1.06000  0.94000
  43  1     39.00     9.00    0.000    0.000   1   1.00060  -16.790   115.00  1    1.06000  0.94000
  44  1    195.00    29.00    0.000    0.000   1   1.00860  -17.470   115.00  1    1.06000  0.94000
  45  1      0.00     0.00    0.000    0.000   1   1.02150  -14.740   230.00  1    1.06000  0.94000
  46  1      0.00     0.00    0.000    0.000   1   1.03440  -11.750   345.00  1    1.06000  0.94000
  47  1     58.00    11.80    0.000    0.000   1   0.97770  -23.170   115.00  1    1.06000  0.94000
  48  1     41.00    19.00    0.000    0.000   1   1.00190  -16.090   115.00  1    1.06000  0.94000
  49  1     92.00    26.00    0.000    0.000   1   1.04750   -2.950   115.00  1    1.06000  0.94000
  51  1     -5.00     5.00    0.000    0.000   1   1.02530   -8.150   115.00  1    1.06000  0.94000
  52  1     61.00    28.00    0.000    0.000   1   0.99790  -11.860   115.00  1    1.06000  0.94000
  53  1     69.00     3.00    0.000    0.000   1   0.99590  -17.600   115.00  1    1.06000  0.94000
  54  1     10.00     1.00    0.000    0.000   1   1.00500  -16.250   115.00  1    1.06000  0.94000
  55  1     22.00    10.00    0.000    0.000   1   1.01500  -12.210   115.00  1    1.06000  0.94000
  57  1     98.00    20.00    0.000    0.000   1   1.03350   -8.000   115.00  1    1.06000  0.94000
  58  1     14.00     1.00    0.000    0.000   1   0.99180   -5.990   115.00  1    1.06000  0.94000
  59  1    218.00   106.00    0.000    0.000   1   0.97890   -5.290   115.00  1    1.06000  0.94000
  60  1      0.00     0.00    0.000    0.000   1   1.02460   -9.560   230.00  1    1.06000  0.94000
  61  1    227.00   110.00    0.000    0.000   1   0.99060   -3.470   115.00  1    1.06000  0.94000
  62  1      0.00     0.00    0.000    0.000   1   1.01600   -1.100   230.00  1    1.06000  0.94000
  63  2     70.00    30.00    0.000    0.000   1   0.95830  -17.620   115.00  1    1.06000  0.94000
  64  1      0.00     0.00    0.000    0.000   1   0.94800  -12.970   230.00  1    1.06000  0.94000
  69  1      0.00     0.00    0.000    0.000   1   0.96300  -25.660   115.00  1    1.06000  0.94000
  70  1     56.00    20.00    0.000    0.000   1   0.95130  -35.160   115.00  1    1.06000  0.94000
  71  1    116.00    38.00    0.000    0.000   1   0.97930  -29.880   115.00  1    1.06000  0.94000
  72  1     57.00    19.00    0.000    0.000   1   0.96960  -27.480   115.00  1    1.06000  0.94000
  73  1    224.00    71.00    0.000    0.000   1   0.97750  -25.770   115.00  1    1.06000  0.94000
  74  1      0.00     0.00    0.000    0.000   1   0.99640  -22.000   230.00  1    1.06000  0.94000
  76  2    208.00   107.00    0.000    0.000   1   0.96320  -26.540   115.00  1    1.06000  0.94000
  77  1     74.00    28.00    0.000    0.000   1   0.98370  -24.940   115.00  1    1.06000  0.94000
  78  1      0.00     0.00    0.000    0.000   1   0.99000  -24.050   115.00  1    1.06000  0.94000
  79  1     48.00    14.00    0.000    0.000   1   0.98200  -24.970   115.00  1    1.06000  0.94000
  80  1     28.00     7.00    0.000    0.000   1   0.98720  -24.970   115.00  1    1.06000  0.94000
  81  1      0.00     0.00    0.000    0.000   1   1.03400  -18.890   345.00  1    1.06000  0.94000
  84  2     37.00    13.00    0.000    0.000   1   1.02500  -17.160   115.00  1    1.06000  0.94000
  85  1      0.00     0.00    0.000    0.000   1   0.98720  -17.680   230.00  1    1.06000  0.94000
  86  1      0.00     0.00    0.000    0.000   1   0.99090  -14.190   230.00  1    1.06000  0.94000
  87  1      0.00     0.00    0.000    0.000   1   0.99210   -7.770   230.00  1    1.06000  0.94000
  88  1      0.00     0.00    0.000    0.000   1   1.01510  -20.960   230.00  1    1.06000  0.94000
  89  1     44.20     0.00    0.000    0.000   1   1.03170  -11.130   115.00  1    1.06000  0.94000
  90  1     66.00     0.00    0.000    0.000   1   1.02720  -11.230   115.00  1    1.06000  0.94000
