function [baseMVA, bus, gen, branch, area, gencost] = case30
%CASE30    Power flow data for 30 bus, 6 generator case.
%   Please see 'help caseformat' for details on the case file format.
%
%   MATPOWER
%   $Id$

%%-----  Power Flow Data  -----%%
%% system MVA base
baseMVA = 100.0000;

%% bus data
bus = [
	1	3	0.0	0.0	0.0	0.0	1	1.0000	0.0000	135.0000	1	1.0500	0.9500;
	2	2	21.7000	12.7000	0.0	0.0	1	1.0000	0.0000	135.0000	1	1.1000	0.9500;
	3	1	2.4000	1.2000	0.0	0.0	1	1.0000	0.0000	135.0000	1	1.0500	0.9500;
	4	1	7.6000	1.6000	0.0	0.0	1	1.0000	0.0000	135.0000	1	1.0500	0.9500;
	5	1	0.0	0.0	0.0000	0.1900	1	1.0000	0.0000	135.0000	1	1.0500	0.9500;
	6	1	0.0	0.0	0.0	0.0	1	1.0000	0.0000	135.0000	1	1.0500	0.9500;
	7	1	22.8000	10.9000	0.0	0.0	1	1.0000	0.0000	135.0000	1	1.0500	0.9500;
	8	1	30.0000	30.0000	0.0	0.0	1	1.0000	0.0000	135.0000	1	1.0500	0.9500;
	9	1	0.0	0.0	0.0	0.0	1	1.0000	0.0000	135.0000	1	1.0500	0.9500;
	10	1	5.8000	2.0000	0.0	0.0	3	1.0000	0.0000	135.0000	1	1.0500	0.9500;
	11	1	0.0	0.0	0.0	0.0	1	1.0000	0.0000	135.0000	1	1.0500	0.9500;
	12	1	11.2000	7.5000	0.0	0.0	2	1.0000	0.0000	135.0000	1	1.0500	0.9500;
	13	2	0.0	0.0	0.0	0.0	2	1.0000	0.0000	135.0000	1	1.1000	0.9500;
	14	1	6.2000	1.6000	0.0	0.0	2	1.0000	0.0000	135.0000	1	1.0500	0.9500;
	15	1	8.2000	2.5000	0.0	0.0	2	1.0000	0.0000	135.0000	1	1.0500	0.9500;
	16	1	3.5000	1.8000	0.0	0.0	2	1.0000	0.0000	135.0000	1	1.0500	0.9500;
	17	1	9.0000	5.8000	0.0	0.0	2	1.0000	0.0000	135.0000	1	1.0500	0.9500;
	18	1	3.2000	0.9000	0.0	0.0	2	1.0000	0.0000	135.0000	1	1.0500	0.9500;
	19	1	9.5000	3.4000	0.0	0.0	2	1.0000	0.0000	135.0000	1	1.0500	0.9500;
	20	1	2.2000	0.7000	0.0	0.0	2	1.0000	0.0000	135.0000	1	1.0500	0.9500;
	21	1	17.5000	11.2000	0.0	0.0	3	1.0000	0.0000	135.0000	1	1.0500	0.9500;
	22	2	0.0	0.0	0.0	0.0	3	1.0000	0.0000	135.0000	1	1.1000	0.9500;
	23	2	3.2000	1.6000	0.0	0.0	2	1.0000	0.0000	135.0000	1	1.1000	0.9500;
	24	1	8.7000	6.7000	0.0000	0.0400	3	1.0000	0.0000	135.0000	1	1.0500	0.9500;
	25	1	0.0	0.0	0.0	0.0	3	1.0000	0.0000	135.0000	1	1.0500	0.9500;
	26	1	3.5000	2.3000	0.0	0.0	3	1.0000	0.0000	135.0000	1	1.0500	0.9500;
	27	2	0.0	0.0	0.0	0.0	3	1.0000	0.0000	135.0000	1	1.1000	0.9500;
	28	1	0.0	0.0	0.0	0.0	1	1.0000	0.0000	135.0000	1	1.0500	0.9500;
	29	1	2.4000	0.9000	0.0	0.0	3	1.0000	0.0000	135.0000	1	1.0500	0.9500;
	30	1	10.6000	1.9000	0.0	0.0	3	1.0000	0.0000	135.0000	1	1.0500	0.9500;
];

%% generator data
gen = [
	1	23.5400	0.0000	150.0000	-20.0000	1.0000	100.0000	1	80.0000	0.0000;
	2	60.9700	0.0000	60.0000	-20.0000	1.0000	100.0000	1	80.0000	0.0000;
	22	21.5900	0.0000	62.5000	-15.0000	1.0000	100.0000	1	50.0000	0.0000;
	27	26.9100	0.0000	48.7000	-15.0000	1.0000	100.0000	1	55.0000	0.0000;
	23	19.2000	0.0000	40.0000	-10.0000	1.0000	100.0000	1	30.0000	0.0000;
	13	37.0000	0.0000	44.7000	-15.0000	1.0000	100.0000	1	40.0000	0.0000;
];

%% branch data
branch = [
	1	2	0.0200	0.0600	0.0300	130.0000	130.0000	130.0000	0.0000	0.0000	1;
	1	3	0.0500	0.1900	0.0200	130.0000	130.0000	130.0000	0.0000	0.0000	1;
	2	4	0.0600	0.1700	0.0200	65.0000	65.0000	65.0000	0.0000	0.0000	1;
	3	4	0.0100	0.0400	0.0000	130.0000	130.0000	130.0000	0.0000	0.0000	1;
	2	5	0.0500	0.2000	0.0200	130.0000	130.0000	130.0000	0.0000	0.0000	1;
	2	6	0.0600	0.1800	0.0200	65.0000	65.0000	65.0000	0.0000	0.0000	1;
	4	6	0.0100	0.0400	0.0000	90.0000	90.0000	90.0000	0.0000	0.0000	1;
	5	7	0.0500	0.1200	0.0100	70.0000	70.0000	70.0000	0.0000	0.0000	1;
	6	7	0.0300	0.0800	0.0100	130.0000	130.0000	130.0000	0.0000	0.0000	1;
	6	8	0.0100	0.0400	0.0000	32.0000	32.0000	32.0000	0.0000	0.0000	1;
	6	9	0.0000	0.2100	0.0000	65.0000	65.0000	65.0000	0.0000	0.0000	1;
	6	10	0.0000	0.5600	0.0000	32.0000	32.0000	32.0000	0.0000	0.0000	1;
	9	11	0.0000	0.2100	0.0000	65.0000	65.0000	65.0000	0.0000	0.0000	1;
	9	10	0.0000	0.1100	0.0000	65.0000	65.0000	65.0000	0.0000	0.0000	1;
	4	12	0.0000	0.2600	0.0000	65.0000	65.0000	65.0000	0.0000	0.0000	1;
	12	13	0.0000	0.1400	0.0000	65.0000	65.0000	65.0000	0.0000	0.0000	1;
	12	14	0.1200	0.2600	0.0000	32.0000	32.0000	32.0000	0.0000	0.0000	1;
	12	15	0.0700	0.1300	0.0000	32.0000	32.0000	32.0000	0.0000	0.0000	1;
	12	16	0.0900	0.2000	0.0000	32.0000	32.0000	32.0000	0.0000	0.0000	1;
	14	15	0.2200	0.2000	0.0000	16.0000	16.0000	16.0000	0.0000	0.0000	1;
	16	17	0.0800	0.1900	0.0000	16.0000	16.0000	16.0000	0.0000	0.0000	1;
	15	18	0.1100	0.2200	0.0000	16.0000	16.0000	16.0000	0.0000	0.0000	1;
	18	19	0.0600	0.1300	0.0000	16.0000	16.0000	16.0000	0.0000	0.0000	1;
	19	20	0.0300	0.0700	0.0000	32.0000	32.0000	32.0000	0.0000	0.0000	1;
	10	20	0.0900	0.2100	0.0000	32.0000	32.0000	32.0000	0.0000	0.0000	1;
	10	17	0.0300	0.0800	0.0000	32.0000	32.0000	32.0000	0.0000	0.0000	1;
	10	21	0.0300	0.0700	0.0000	32.0000	32.0000	32.0000	0.0000	0.0000	1;
	10	22	0.0700	0.1500	0.0000	32.0000	32.0000	32.0000	0.0000	0.0000	1;
	21	22	0.0100	0.0200	0.0000	32.0000	32.0000	32.0000	0.0000	0.0000	1;
	15	23	0.1000	0.2000	0.0000	16.0000	16.0000	16.0000	0.0000	0.0000	1;
	22	24	0.1200	0.1800	0.0000	16.0000	16.0000	16.0000	0.0000	0.0000	1;
	23	24	0.1300	0.2700	0.0000	16.0000	16.0000	16.0000	0.0000	0.0000	1;
	24	25	0.1900	0.3300	0.0000	16.0000	16.0000	16.0000	0.0000	0.0000	1;
	25	26	0.2500	0.3800	0.0000	16.0000	16.0000	16.0000	0.0000	0.0000	1;
	25	27	0.1100	0.2100	0.0000	16.0000	16.0000	16.0000	0.0000	0.0000	1;
	28	27	0.0000	0.4000	0.0000	65.0000	65.0000	65.0000	0.0000	0.0000	1;
	27	29	0.2200	0.4200	0.0000	16.0000	16.0000	16.0000	0.0000	0.0000	1;
	27	30	0.3200	0.6000	0.0000	16.0000	16.0000	16.0000	0.0000	0.0000	1;
	29	30	0.2400	0.4500	0.0000	16.0000	16.0000	16.0000	0.0000	0.0000	1;
	8	28	0.0600	0.2000	0.0200	32.0000	32.0000	32.0000	0.0000	0.0000	1;
	6	28	0.0200	0.0600	0.0100	32.0000	32.0000	32.0000	0.0000	0.0000	1;
];

%%-----  OPF Data  -----%%
%% area data
area = [
	1	8;
	2	23;
	3	26;
];

%% generator cost data
gencost = [
	2	0.00	0.00	3	0.02	2	0;
	2	0.00	0.00	3	0.0175	1.75	0;
	2	0.00	0.00	3	0.0625	1	0;
	2	0.00	0.00	3	0.0083	3.25	0;
	2	0.00	0.00	3	0.025	3	0;
	2	0.00	0.00	3	0.025	3	0;
];

return;
