function mpc = case_illinois200
%CASE_ILLINOIS200  Synthetic 200 bus Illinois case.
%
%   This is an entirely synthetic 200 bus case, geographically situated
%   in the central part of the US state of Illinois. The case is
%   designed with a 230 and 115 kV transmission network to serve a load
%   that roughly mimics the actual population of its geographic
%   footprint. The synthetic transmission system was designed by
%   algorithms described in [1] to be statistically similar to actual
%   transmission system models but without modeling any actual lines.
%
%   When publishing results based on this data, please cite:
%
%   [1] A.B. Birchfield, T. Xu, K.M. Gegner, K.S. Shetye, T.J. Overbye,
%       "Grid Structural Characteristics as Validation Criteria for
%       Synthetic Networks," IEEE Transactions on Power Systems, 2017.

%   Created from Illinois200_DEC-06-2016_v19.pwb, saved by
%   PowerWorld Simulator, version 20 Beta, build date December 2, 2016,
%   then by MATPOWER 6.0.

%   MATPOWER
%   Copyright (c) 2016, Power Systems Engineering Research Center (PSERC)
%   Licensed under the Creative Commons Attribution 4.0 International license,
%   http://creativecommons.org/licenses/by/4.0/

%% MATPOWER Case Format : Version 2
mpc.version = '2';

%%-----  Power Flow Data  -----%%
%% system MVA base
mpc.baseMVA = 100;

%% bus data
%	bus_i	type	Pd	Qd	Gs	Bs	area	Vm	Va	baseKV	zone	Vmax	Vmin	lam_P	lam_Q	mu_Vmax	mu_Vmin
mpc.bus = [
	1	1	0	0	0	0	1	0.9987253	-36.484845	115	1	1.1	0.9	19.9100	0.0000	0.0000	0.0000;
	2	1	10.95	3.12	0	0	1	0.9985471	-36.504646	115	1	1.1	0.9	19.9100	0.0000	0.0000	0.0000;
	3	1	0	0	0	0	1	1.0103316	-38.186132	115	1	1.1	0.9	19.9100	0.0000	0.0000	0.0000;
	4	1	2.72	0.77	0	0	1	1.0102908	-38.190918	115	1	1.1	0.9	19.9100	0.0000	0.0000	0.0000;
	5	1	0	0	0	0	1	1.0231747	-38.81435	115	1	1.1	0.9	19.9100	0.0000	0.0000	0.0000;
	6	1	12.5	3.56	0	0	1	1.0229736	-38.835837	115	1	1.1	0.9	19.9100	0.0000	0.0000	0.0000;
	7	1	0	0	0	0	1	0.9895163	-37.640747	115	1	1.1	0.9	19.9100	0.0000	0.0000	0.0000;
	8	1	35.2	10.03	0	0	1	0.9889666	-37.702748	115	1	1.1	0.9	19.9100	0.0000	0.0000	0.0000;
	9	1	0	0	0	0	1	0.9939302	-37.023795	115	1	1.1	0.9	19.9100	0.0000	0.0000	0.0000;
	10	1	63.29	18.04	0	0	1	0.9928336	-37.163436	115	1	1.1	0.9	19.9100	0.0000	0.0000	0.0000;
	11	1	0	0	0	0	1	1.0349069	-35.627278	115	1	1.1	0.9	19.9100	0.0000	0.0000	0.0000;
	12	1	0.49	0.14	0	0	1	1.0348996	-35.628157	115	1	1.1	0.9	19.9100	0.0000	0.0000	0.0000;
	13	1	4.04	1.15	0	0	1	1.0348425	-35.634698	115	1	1.1	0.9	19.9100	0.0000	0.0000	0.0000;
	14	1	0	0	0	0	1	1.0331195	-34.381983	230	1	1.1	0.9	19.9100	0.0000	0.0000	0.0000;
	15	1	0	0	0	30	1	1.0355891	-35.497711	115	1	1.1	0.9	19.9100	0.0000	0.0000	0.0000;
	16	1	71.7	20.44	0	0	1	1.0345716	-35.61438	115	1	1.1	0.9	19.9100	0.0000	0.0000	0.0000;
	17	1	0	0	0	0	1	1.0011339	-39.161689	115	1	1.1	0.9	19.9100	0.0000	0.0000	0.0000;
	18	1	1.14	0.33	0	0	1	1.0011154	-39.164163	115	1	1.1	0.9	19.9100	0.0000	0.0000	0.0000;
	19	1	1.23	0.35	0	0	1	1.0011168	-39.163754	115	1	1.1	0.9	19.9100	0.0000	0.0000	0.0000;
	20	1	1.81	0.52	0	0	1	1.0011054	-39.164968	115	1	1.1	0.9	19.9100	0.0000	0.0000	0.0000;
	21	1	7.38	2.1	0	0	1	1.0010054	-39.177564	115	1	1.1	0.9	19.9100	0.0000	0.0000	0.0000;
	22	1	0	0	0	0	1	1.0344601	-35.650737	115	1	1.1	0.9	19.9100	0.0000	0.0000	0.0000;
	23	1	2.26	0.64	0	0	1	1.0344265	-35.654423	115	1	1.1	0.9	19.9100	0.0000	0.0000	0.0000;
	24	1	3.84	1.09	0	0	1	1.0344021	-35.65664	115	1	1.1	0.9	19.9100	0.0000	0.0000	0.0000;
	25	1	0	0	0	0	1	1.0257099	-39.09735	115	1	1.1	0.9	19.9100	0.0000	0.0000	0.0000;
	26	1	2.13	0.61	0	0	1	1.0256791	-39.100707	115	1	1.1	0.9	19.9100	0.0000	0.0000	0.0000;
	27	1	0	0	0	0	1	1.0350538	-35.782451	115	1	1.1	0.9	19.9100	0.0000	0.0000	0.0000;
	28	1	3.74	1.07	0	0	1	1.0349918	-35.79004	115	1	1.1	0.9	19.9100	0.0000	0.0000	0.0000;
	29	1	0	0	0	0	1	0.9988561	-36.226215	115	1	1.1	0.9	19.9100	0.0000	0.0000	0.0000;
	30	1	87.62	24.97	0	0	1	0.9974594	-36.374027	115	1	1.1	0.9	19.9100	0.0000	0.0000	0.0000;
	31	1	0	0	0	0	1	0.9993814	-39.56236	115	1	1.1	0.9	19.9100	0.0000	0.0000	0.0000;
	32	1	0.7	0.2	0	0	1	0.9993689	-39.563847	115	1	1.1	0.9	19.9100	0.0000	0.0000	0.0000;
	33	1	8.82	2.51	0	0	1	0.9992433	-39.580004	115	1	1.1	0.9	19.9100	0.0000	0.0000	0.0000;
	34	1	0	0	0	0	1	1.017926	-36.92968	115	1	1.1	0.9	19.9100	0.0000	0.0000	0.0000;
	35	1	33.26	9.48	0	0	1	1.017395	-36.994263	115	1	1.1	0.9	19.9100	0.0000	0.0000	0.0000;
	36	1	0	0	0	0	1	1.0059315	-39.693345	115	1	1.1	0.9	19.9100	0.0000	0.0000	0.0000;
	37	1	4.89	1.39	0	0	1	1.0058586	-39.702124	115	1	1.1	0.9	19.9100	0.0000	0.0000	0.0000;
	38	1	40.81	11.63	0	0	1	1.0052524	-39.770111	115	1	1.1	0.9	19.9100	0.0000	0.0000	0.0000;
	39	1	11.86	3.38	0	0	1	0.9988683	-39.913488	115	1	1.1	0.9	19.9100	0.0000	0.0000	0.0000;
	40	1	3.28	0.93	0	0	1	0.9988227	-39.919055	115	1	1.1	0.9	19.9100	0.0000	0.0000	0.0000;
	41	1	61.87	17.63	0	0	1	1.0150375	-41.826757	115	1	1.1	0.9	19.9100	0.0000	0.0000	0.0000;
	42	1	17.01	4.85	0	0	1	1.0070583	-38.646358	115	1	1.1	0.9	19.9100	0.0000	0.0000	0.0000;
	43	1	3.09	0.88	0	0	1	0.9943791	-38.626607	115	1	1.1	0.9	19.9100	0.0000	0.0000	0.0000;
	44	1	6.65	1.89	0	0	1	1.004904	-38.490044	115	1	1.1	0.9	19.9100	0.0000	0.0000	0.0000;
	45	1	0	0	0	0	1	1.0277558	-33.752015	230	1	1.1	0.9	19.9100	0.0000	0.0000	0.0000;
	46	1	8.68	2.47	0	0	1	1.0252088	-34.633271	115	1	1.1	0.9	19.9100	0.0000	0.0000	0.0000;
	47	1	2.47	0.71	0	0	1	1.0316417	-35.017317	115	1	1.1	0.9	19.9100	0.0000	0.0000	0.0000;
	48	1	2.87	0.82	0	0	1	1.0204693	-39.106063	115	1	1.1	0.9	19.9100	0.0000	0.0000	0.0000;
	49	2	0	0	0	0	1	1.0322808	-37.826268	13.8	1	1.1	0.9	19.9100	0.0000	0.0000	0.0000;
	50	2	0	0	0	0	1	1.0295607	-38.132551	13.8	1	1.1	0.9	19.9100	0.0000	0.0000	0.0000;
	51	2	0	0	0	0	1	1.0338254	-37.629606	13.8	1	1.1	0.9	19.9100	0.0000	0.0000	0.0000;
	52	2	0	0	0	0	1	1.0290833	-38.19229	13.8	1	1.1	0.9	19.9100	0.0000	0.0000	0.0000;
	53	2	0	0	0	0	1	1.04	-36.320835	13.8	1	1.1	0.9	19.9100	0.0000	0.0000	0.0000;
	54	1	4.27	1.22	0	0	1	1.0279093	-35.518225	115	1	1.1	0.9	19.9100	0.0000	0.0000	0.0000;
	55	1	0	0	0	0	1	1.0247171	-34.507306	230	1	1.1	0.9	19.9100	0.0000	0.0000	0.0000;
	56	1	1.79	0.51	0	0	1	1.0231808	-34.882556	115	1	1.1	0.9	19.9100	0.0000	0.0000	0.0000;
	57	1	4.52	1.29	0	0	1	1.0055562	-38.958227	115	1	1.1	0.9	19.9100	0.0000	0.0000	0.0000;
	58	1	5.79	1.65	0	0	1	1.0130443	-39.471071	115	1	1.1	0.9	19.9100	0.0000	0.0000	0.0000;
	59	1	7.02	2	0	0	1	0.9916953	-39.285283	115	1	1.1	0.9	19.9100	0.0000	0.0000	0.0000;
	60	1	5.63	1.6	0	0	1	1.0135099	-35.185033	115	1	1.1	0.9	19.9100	0.0000	0.0000	0.0000;
	61	1	28.14	8.02	0	0	1	1.0213539	-35.141536	115	1	1.1	0.9	19.9100	0.0000	0.0000	0.0000;
	62	1	34.29	9.77	0	0	1	1.0013273	-39.623617	115	1	1.1	0.9	19.9100	0.0000	0.0000	0.0000;
	63	1	12.79	3.64	0	0	1	1.027569	-37.020582	115	1	1.1	0.9	19.9100	0.0000	0.0000	0.0000;
	64	1	0	0	0	0	1	1.0291107	-38.087884	115	1	1.1	0.9	19.9100	0.0000	0.0000	0.0000;
	65	2	0	0	0	0	1	1.04	-34.796049	13.8	1	1.1	0.9	19.9100	0.0000	0.0000	0.0000;
	66	1	0	0	0	0	1	1.0357844	-34.438374	115	1	1.1	0.9	19.9100	0.0000	0.0000	0.0000;
	67	2	0	0	0	0	1	1.039763	-34.100753	13.8	1	1.1	0.9	19.9100	0.0000	0.0000	0.0000;
	68	2	0	0	0	0	1	1.04	-30.506916	13.8	1	1.1	0.9	19.9100	0.0000	0.0000	0.0000;
	69	2	0	0	0	0	1	1.04	-33.036192	13.8	1	1.1	0.9	19.9100	0.0000	0.0000	0.0000;
	70	2	0	0	0	0	1	1.04	-31.482346	13.8	1	1.1	0.9	19.9100	0.0000	0.0000	0.0000;
	71	2	0	0	0	0	1	1.04	-33.235699	13.8	1	1.1	0.9	19.9100	0.0000	0.0000	0.0000;
	72	2	0	0	0	0	1	1.04	-33.339534	13.8	1	1.1	0.9	19.9100	0.0000	0.0000	0.0000;
	73	2	0	0	0	0	1	1.04	-32.271523	13.8	1	1.1	0.9	19.9100	0.0000	0.0000	0.0000;
	74	1	29.51	8.41	0	0	1	1.0095407	-40.161028	115	1	1.1	0.9	19.9100	0.0000	0.0000	0.0000;
	75	1	5.34	1.52	0	0	1	1.0145111	-34.715113	115	1	1.1	0.9	19.9100	0.0000	0.0000	0.0000;
	76	2	0	0	0	0	1	1.030452	-34.242271	13.8	1	1.1	0.9	19.9100	0.0000	0.0000	0.0000;
	77	2	0	0	0	0	1	1.0399996	-33.909675	13.8	1	1.1	0.9	19.9100	0.0000	0.0000	0.0000;
	78	2	0	0	0	0	1	1.0145111	-34.715113	13.8	1	1.1	0.9	19.9100	0.0000	0.0000	0.0000;
