function [baseMVA, bus, gen, branch, areas, gencost] = case118
%CASE118    Power flow data for IEEE 118 bus test case.
%   Please see 'help caseformat' for details on the case file format.

%   MATPOWER
%   $Id$

% The test system data was originally in IEEE Common Data Format.
% Its format has been converted to matpower format by cdf2matp.

baseMVA = 100.0; 

%bus type  Pd      Qd       Gs      Bs    area  Vm      Va      baseKV zone   Vmax   Vmin
bus = [
   1  2     51.00    27.00    0.000    0.000   1   0.95500   10.670     0.00  1    1.06000  0.94000
   2  1     20.00     9.00    0.000    0.000   1   0.97100   11.220     0.00  1    1.06000  0.94000
   3  1     39.00    10.00    0.000    0.000   1   0.96800   11.560     0.00  1    1.06000  0.94000
   4  2     39.00    12.00    0.000    0.000   1   0.99800   15.280     0.00  1    1.06000  0.94000
   5  1      0.00     0.00    0.000  -40.000   1   1.00200   15.730     0.00  1    1.06000  0.94000
   6  2     52.00    22.00    0.000    0.000   1   0.99000   13.000     0.00  1    1.06000  0.94000
   7  1     19.00     2.00    0.000    0.000   1   0.98900   12.560     0.00  1    1.06000  0.94000
   8  2     28.00     0.00    0.000    0.000   1   1.01500   20.770     0.00  1    1.06000  0.94000
   9  1      0.00     0.00    0.000    0.000   1   1.04300   28.020     0.00  1    1.06000  0.94000
  10  2      0.00     0.00    0.000    0.000   1   1.05000   35.610     0.00  1    1.06000  0.94000
  11  1     70.00    23.00    0.000    0.000   1   0.98500   12.720     0.00  1    1.06000  0.94000
  12  2     47.00    10.00    0.000    0.000   1   0.99000   12.200     0.00  1    1.06000  0.94000
  13  1     34.00    16.00    0.000    0.000   1   0.96800   11.350     0.00  1    1.06000  0.94000
  14  1     14.00     1.00    0.000    0.000   1   0.98400   11.500     0.00  1    1.06000  0.94000
  15  2     90.00    30.00    0.000    0.000   1   0.97000   11.230     0.00  1    1.06000  0.94000
  16  1     25.00    10.00    0.000    0.000   1   0.98400   11.910     0.00  1    1.06000  0.94000
  17  1     11.00     3.00    0.000    0.000   1   0.99500   13.740     0.00  1    1.06000  0.94000
  18  2     60.00    34.00    0.000    0.000   1   0.97300   11.530     0.00  1    1.06000  0.94000
  19  2     45.00    25.00    0.000    0.000   1   0.96300   11.050     0.00  1    1.06000  0.94000
  20  1     18.00     3.00    0.000    0.000   1   0.95800   11.930     0.00  1    1.06000  0.94000
  21  1     14.00     8.00    0.000    0.000   1   0.95900   13.520     0.00  1    1.06000  0.94000
  22  1     10.00     5.00    0.000    0.000   1   0.97000   16.080     0.00  1    1.06000  0.94000
  23  1      7.00     3.00    0.000    0.000   1   1.00000   21.000     0.00  1    1.06000  0.94000
  24  2     13.00     0.00    0.000    0.000   1   0.99200   20.890     0.00  1    1.06000  0.94000
  25  2      0.00     0.00    0.000    0.000   1   1.05000   27.930     0.00  1    1.06000  0.94000
  26  2      0.00     0.00    0.000    0.000   1   1.01500   29.710     0.00  1    1.06000  0.94000
  27  2     71.00    13.00    0.000    0.000   1   0.96800   15.350     0.00  1    1.06000  0.94000
  28  1     17.00     7.00    0.000    0.000   1   0.96200   13.620     0.00  1    1.06000  0.94000
  29  1     24.00     4.00    0.000    0.000   1   0.96300   12.630     0.00  1    1.06000  0.94000
  30  1      0.00     0.00    0.000    0.000   1   0.96800   18.790     0.00  1    1.06000  0.94000
  31  2     43.00    27.00    0.000    0.000   1   0.96700   12.750     0.00  1    1.06000  0.94000
  32  2     59.00    23.00    0.000    0.000   1   0.96400   14.800     0.00  1    1.06000  0.94000
  33  1     23.00     9.00    0.000    0.000   1   0.97200   10.630     0.00  1    1.06000  0.94000
  34  2     59.00    26.00    0.000   14.000   1   0.98600   11.300     0.00  1    1.06000  0.94000
  35  1     33.00     9.00    0.000    0.000   1   0.98100   10.870     0.00  1    1.06000  0.94000
  36  2     31.00    17.00    0.000    0.000   1   0.98000   10.870     0.00  1    1.06000  0.94000
  37  1      0.00     0.00    0.000  -25.000   1   0.99200   11.770     0.00  1    1.06000  0.94000
  38  1      0.00     0.00    0.000    0.000   1   0.96200   16.910     0.00  1    1.06000  0.94000
  39  1     27.00    11.00    0.000    0.000   1   0.97000    8.410     0.00  1    1.06000  0.94000
  40  2     66.00    23.00    0.000    0.000   1   0.97000    7.350     0.00  1    1.06000  0.94000
  41  1     37.00    10.00    0.000    0.000   1   0.96700    6.920     0.00  1    1.06000  0.94000
  42  2     96.00    23.00    0.000    0.000   1   0.98500    8.530     0.00  1    1.06000  0.94000
  43  1     18.00     7.00    0.000    0.000   1   0.97800   11.280     0.00  1    1.06000  0.94000
  44  1     16.00     8.00    0.000   10.000   1   0.98500   13.820     0.00  1    1.06000  0.94000
  45  1     53.00    22.00    0.000   10.000   1   0.98700   15.670     0.00  1    1.06000  0.94000
  46  2     28.00    10.00    0.000   10.000   1   1.00500   18.490     0.00  1    1.06000  0.94000
  47  1     34.00     0.00    0.000    0.000   1   1.01700   20.730     0.00  1    1.06000  0.94000
  48  1     20.00    11.00    0.000   15.000   1   1.02100   19.930     0.00  1    1.06000  0.94000
  49  2     87.00    30.00    0.000    0.000   1   1.02500   20.940     0.00  1    1.06000  0.94000
  50  1     17.00     4.00    0.000    0.000   1   1.00100   18.900     0.00  1    1.06000  0.94000
  51  1     17.00     8.00    0.000    0.000   1   0.96700   16.280     0.00  1    1.06000  0.94000
  52  1     18.00     5.00    0.000    0.000   1   0.95700   15.320     0.00  1    1.06000  0.94000
  53  1     23.00    11.00    0.000    0.000   1   0.94600   14.350     0.00  1    1.06000  0.94000
  54  2    113.00    32.00    0.000    0.000   1   0.95500   15.260     0.00  1    1.06000  0.94000
  55  2     63.00    22.00    0.000    0.000   1   0.95200   14.970     0.00  1    1.06000  0.94000
  56  2     84.00    18.00    0.000    0.000   1   0.95400   15.160     0.00  1    1.06000  0.94000
  57  1     12.00     3.00    0.000    0.000   1   0.97100   16.360     0.00  1    1.06000  0.94000
  58  1     12.00     3.00    0.000    0.000   1   0.95900   15.510     0.00  1    1.06000  0.94000
  59  2    277.00   113.00    0.000    0.000   1   0.98500   19.370     0.00  1    1.06000  0.94000
  60  1     78.00     3.00    0.000    0.000   1   0.99300   23.150     0.00  1    1.06000  0.94000
  61  2      0.00     0.00    0.000    0.000   1   0.99500   24.040     0.00  1    1.06000  0.94000
  62  2     77.00    14.00    0.000    0.000   1   0.99800   23.430     0.00  1    1.06000  0.94000
  63  1      0.00     0.00    0.000    0.000   1   0.96900   22.750     0.00  1    1.06000  0.94000
  64  1      0.00     0.00    0.000    0.000   1   0.98400   24.520     0.00  1    1.06000  0.94000
  65  2      0.00     0.00    0.000    0.000   1   1.00500   27.650     0.00  1    1.06000  0.94000
  66  2     39.00    18.00    0.000    0.000   1   1.05000   27.480     0.00  1    1.06000  0.94000
  67  1     28.00     7.00    0.000    0.000   1   1.02000   24.840     0.00  1    1.06000  0.94000
  68  1      0.00     0.00    0.000    0.000   1   1.00300   27.550     0.00  1    1.06000  0.94000
  69  3      0.00     0.00    0.000    0.000   1   1.03500   30.000     0.00  1    1.06000  0.94000
  70  2     66.00    20.00    0.000    0.000   1   0.98400   22.580     0.00  1    1.06000  0.94000
  71  1      0.00     0.00    0.000    0.000   1   0.98700   22.150     0.00  1    1.06000  0.94000
  72  2     12.00     0.00    0.000    0.000   1   0.98000   20.980     0.00  1    1.06000  0.94000
  73  2      6.00     0.00    0.000    0.000   1   0.99100   21.940     0.00  1    1.06000  0.94000
  74  2     68.00    27.00    0.000   12.000   1   0.95800   21.640     0.00  1    1.06000  0.94000
  75  1     47.00    11.00    0.000    0.000   1   0.96700   22.910     0.00  1    1.06000  0.94000
