function mpc = case94pi
%CASE94PI  Power flow data for 70 bus distribution system from Pires, et al
%   Please see CASEFORMAT for details on the case file format.
%
%   Data from ...
%       Pires DF, Antunes CH, Martins AG (2012) NSGA-II with local search for
%       a multi-objective reactive power compensation problem. Int J Electr
%       Power Energy Syst 43:313-324. doi: 10.1016/j.ijepes.2012.05.024
%       URL: https://doi.org/10.1016/j.ijepes.2012.05.024

%% MATPOWER Case Format : Version 2
mpc.version = '2';

%%-----  Power Flow Data  -----%%
%% system MVA base
mpc.baseMVA = 1;

%% bus data
%	bus_i	type	Pd	Qd	Gs	Bs	area	Vm	Va	baseKV	zone	Vmax	Vmin
mpc.bus = [ %% (Pd and Qd are specified in kW & kVAr here, converted to MW & MVAr below)
	1	3	0	0	0	0	1	1	0	15	1	1	1;
	2	1	22.5	10.9	0	0	1	1	0	15	1	1.1	0.9;
	3	1	240.3	116.4	0	0	1	1	0	15	1	1.1	0.9;
	4	1	24.3	11.8	0	0	1	1	0	15	1	1.1	0.9;
	5	1	0	0	0	0	1	1	0	15	1	1.1	0.9;
	6	1	0	0	0	0	1	1	0	15	1	1.1	0.9;
	7	1	28.8	14	0	0	1	1	0	15	1	1.1	0.9;
	8	1	0	0	0	0	1	1	0	15	1	1.1	0.9;
	9	1	0	0	0	0	1	1	0	15	1	1.1	0.9;
	10	1	0	0	0	0	1	1	0	15	1	1.1	0.9;
	11	1	0	0	0	0	1	1	0	15	1	1.1	0.9;
	12	1	0	0	0	0	1	1	0	15	1	1.1	0.9;
	13	1	0	0	0	0	1	1	0	15	1	1.1	0.9;
	14	1	57.6	27.9	0	0	1	1	0	15	1	1.1	0.9;
	15	1	0	0	0	0	1	1	0	15	1	1.1	0.9;
	16	1	0	0	0	0	1	1	0	15	1	1.1	0.9;
	17	1	18.9	9.2	0	0	1	1	0	15	1	1.1	0.9;
	18	1	0	0	0	0	1	1	0	15	1	1.1	0.9;
	19	1	0	0	0	0	1	1	0	15	1	1.1	0.9;
	20	1	55.8	27	0	0	1	1	0	15	1	1.1	0.9;
	21	1	40.5	19.6	0	0	1	1	0	15	1	1.1	0.9;
	22	1	0	0	0	0	1	1	0	15	1	1.1	0.9;
	23	1	54	26.2	0	0	1	1	0	15	1	1.1	0.9;
	24	1	0	0	0	0	1	1	0	15	1	1.1	0.9;
	25	1	0	0	0	0	1	1	0	15	1	1.1	0.9;
	26	1	46.8	22.7	0	0	1	1	0	15	1	1.1	0.9;
	27	1	0	0	0	0	1	1	0	15	1	1.1	0.9;
	28	1	0	0	0	0	1	1	0	15	1	1.1	0.9;
	29	1	13.5	6.5	0	0	1	1	0	15	1	1.1	0.9;
	30	1	3.6	1.7	0	0	1	1	0	15	1	1.1	0.9;
	31	1	18	8.7	0	0	1	1	0	15	1	1.1	0.9;
	32	1	21.6	10.5	0	0	1	1	0	15	1	1.1	0.9;
	33	1	9	4.4	0	0	1	1	0	15	1	1.1	0.9;
	34	1	64.8	31.4	0	0	1	1	0	15	1	1.1	0.9;
	35	1	65.7	31.8	0	0	1	1	0	15	1	1.1	0.9;
	36	1	59.4	28.8	0	0	1	1	0	15	1	1.1	0.9;
	37	1	13.5	6.5	0	0	1	1	0	15	1	1.1	0.9;
	38	1	161.1	78	0	0	1	1	0	15	1	1.1	0.9;
	39	1	26.1	12.6	0	0	1	1	0	15	1	1.1	0.9;
	40	1	134.1	65	0	0	1	1	0	15	1	1.1	0.9;
	41	1	85.5	41.4	0	0	1	1	0	15	1	1.1	0.9;
	42	1	41.4	20.1	0	0	1	1	0	15	1	1.1	0.9;
	43	1	41.4	20.1	0	0	1	1	0	15	1	1.1	0.9;
	44	1	41.4	20.1	0	0	1	1	0	15	1	1.1	0.9;
	45	1	21.6	10.5	0	0	1	1	0	15	1	1.1	0.9;
	46	1	25.2	12.2	0	0	1	1	0	15	1	1.1	0.9;
	47	1	45.9	22.2	0	0	1	1	0	15	1	1.1	0.9;
	48	1	36.9	17.9	0	0	1	1	0	15	1	1.1	0.9;
	49	1	63.9	31	0	0	1	1	0	15	1	1.1	0.9;
	50	1	68.4	33.1	0	0	1	1	0	15	1	1.1	0.9;
	51	1	27.9	13.5	0	0	1	1	0	15	1	1.1	0.9;
	52	1	81	39.2	0	0	1	1	0	15	1	1.1	0.9;
	53	1	69.3	33.6	0	0	1	1	0	15	1	1.1	0.9;
	54	1	62.1	30.1	0	0	1	1	0	15	1	1.1	0.9;
	55	1	35.1	17	0	0	1	1	0	15	1	1.1	0.9;
	56	1	205.2	99.4	0	0	1	1	0	15	1	1.1	0.9;
	57	1	31.5	15.3	0	0	1	1	0	15	1	1.1	0.9;
	58	1	521.1	252.4	0	0	1	1	0	15	1	1.1	0.9;
	59	1	212.4	102.9	0	0	1	1	0	15	1	1.1	0.9;
	60	1	39.6	19.2	0	0	1	1	0	15	1	1.1	0.9;
	61	1	45	21.8	0	0	1	1	0	15	1	1.1	0.9;
	62	1	17.1	8.3	0	0	1	1	0	15	1	1.1	0.9;
	63	1	21.6	10.5	0	0	1	1	0	15	1	1.1	0.9;
	64	1	35.1	17	0	0	1	1	0	15	1	1.1	0.9;
	65	1	70.2	34	0	0	1	1	0	15	1	1.1	0.9;
	66	1	34.2	16.6	0	0	1	1	0	15	1	1.1	0.9;
	67	1	22.5	10.9	0	0	1	1	0	15	1	1.1	0.9;
	68	1	45.9	22.2	0	0	1	1	0	15	1	1.1	0.9;
	69	1	33.3	16.1	0	0	1	1	0	15	1	1.1	0.9;
	70	1	36.9	17.9	0	0	1	1	0	15	1	1.1	0.9;
	71	1	45	21.8	0	0	1	1	0	15	1	1.1	0.9;
	72	1	75.6	36.6	0	0	1	1	0	15	1	1.1	0.9;
	73	1	67.5	32.7	0	0	1	1	0	15	1	1.1	0.9;
	74	1	27.9	13.5	0	0	1	1	0	15	1	1.1	0.9;
	75	1	38.7	18.7	0	0	1	1	0	15	1	1.1	0.9;
	76	1	53.1	25.7	0	0	1	1	0	15	1	1.1	0.9;
	77	1	65.7	31.8	0	0	1	1	0	15	1	1.1	0.9;
	78	1	63	30.5	0	0	1	1	0	15	1	1.1	0.9;
	79	1	67.5	32.7	0	0	1	1	0	15	1	1.1	0.9;
	80	1	45	21.8	0	0	1	1	0	15	1	1.1	0.9;
	81	1	9	4.4	0	0	1	1	0	15	1	1.1	0.9;
	82	1	16.2	7.8	0	0	1	1	0	15	1	1.1	0.9;
	83	1	67.5	32.7	0	0	1	1	0	15	1	1.1	0.9;
	84	1	296.1	143.4	0	0	1	1	0	15	1	1.1	0.9;
	85	1	72	34.9	0	0	1	1	0	15	1	1.1	0.9;
	86	1	76.5	37.1	0	0	1	1	0	15	1	1.1	0.9;
	87	1	90.9	44	0	0	1	1	0	15	1	1.1	0.9;
	88	1	72	34.9	0	0	1	1	0	15	1	1.1	0.9;
	89	1	63	30.5	0	0	1	1	0	15	1	1.1	0.9;
	90	1	21.6	10.5	0	0	1	1	0	15	1	1.1	0.9;
	91	1	36.9	17.9	0	0	1	1	0	15	1	1.1	0.9;
	92	1	20.7	10	0	0	1	1	0	15	1	1.1	0.9;
	93	1	17.1	8.3	0	0	1	1	0	15	1	1.1	0.9;
	94	1	90	43.6	0	0	1	1	0	15	1	1.1	0.9;
];

%% generator data
%	bus	Pg	Qg	Qmax	Qmin	Vg	mBase	status	Pmax	Pmin	Pc1	Pc2	Qc1min	Qc1max	Qc2min	Qc2max	ramp_agc	ramp_10	ramp_30	ramp_q	apf
mpc.gen = [
	1	0	0	10	-10	1	100	1	10	0	0	0	0	0	0	0	0	0	0	0	0;
];

%% branch data
%	fbus	tbus	r	x	b	rateA	rateB	rateC	ratio	angle	status	angmin	angmax
