function mpc = case141
%CASE141  Power flow data for 141 bus distribution system
%   Please see CASEFORMAT for details on the case file format.
%
%   Data from ...
%       H.M. Khodr, F.G. Olsina, P.M. De Oliveira-De Jesus, J.M. Yusta,
%       Maximum savings approach for location and sizing of capacitors in
%       distribution systems, Electric Power Systems Research, Volume 78,
%       Issue 7, July 2008, Pages 1192-1203
%       https://doi.org/10.1016/j.epsr.2007.10.002
%
%   Covers "a zone of the metropolitan area of Caracas" in Venezuela.
%
%   The data in the paper includes numerous typos, including the following
%   which were corrected based on the one-line diagram.
%       - branch 17--10 should be 17--18
%       - branch 16--19 should be 18--19
%       - branch 27--23 should be 27--28
%       - branch 27--26 should be 25--26
%       - branch 67--63 should be 67--68
%       - branch 66--70 should be 55--70
%       - branch 16--137 should be 18--137
%
%   Modifications:
%     v2 - 2020-10-01 (RDZ)
%         - Specify branch parameters in Ohms, loads in kVA.
%         - Added code for explicit conversion of loads from kVA
%           to MVA, then from MVA and power factor to MW and MVAr, and
%           of branch parameters from Ohms to p.u.
%         - Doubled load at bus 53 (100 kVA instead of 50 kVA)
%         - Set BASE_KV to 12.47 kV (instead of 12.5)
%         - Branch order as in paper (rather than sorted by from bus)
%         - Slack bus Vmin = Vmax = 1.0
%         - Gen Qmin, Qmax, Pmax magnitudes set to 100 (instead of 999)
%         - Branch flow limits disabled, i.e. set to 0 (instead of 999)
%         - Add gen cost.


%% MATPOWER Case Format : Version 2
mpc.version = '2';

%%-----  Power Flow Data  -----%%
%% system MVA base
mpc.baseMVA = 10;

%% bus data
%	bus_i	type	Pd	Qd	Gs	Bs	area	Vm	Va	baseKV	zone	Vmax	Vmin
mpc.bus = [ %% (Pd is specified in kVA here for 0.85 power factor, converted to MW & MVAr below)
	1	3	0	0	0	0	1	1	0	12.47	1	1	1;
	2	1	0	0	0	0	1	1	0	12.47	1	1.1	0.9;
	3	1	0	0	0	0	1	1	0	12.47	1	1.1	0.9;
	4	1	0	0	0	0	1	1	0	12.47	1	1.1	0.9;
	5	1	0	0	0	0	1	1	0	12.47	1	1.1	0.9;
	6	1	0	0	0	0	1	1	0	12.47	1	1.1	0.9;
	7	1	0	0	0	0	1	1	0	12.47	1	1.1	0.9;
	8	1	75	0	0	0	1	1	0	12.47	1	1.1	0.9;
	9	1	10	0	0	0	1	1	0	12.47	1	1.1	0.9;
	10	1	0	0	0	0	1	1	0	12.47	1	1.1	0.9;
	11	1	0	0	0	0	1	1	0	12.47	1	1.1	0.9;
	12	1	25	0	0	0	1	1	0	12.47	1	1.1	0.9;
	13	1	75	0	0	0	1	1	0	12.47	1	1.1	0.9;
	14	1	0	0	0	0	1	1	0	12.47	1	1.1	0.9;
	15	1	0	0	0	0	1	1	0	12.47	1	1.1	0.9;
	16	1	0	0	0	0	1	1	0	12.47	1	1.1	0.9;
	17	1	150	0	0	0	1	1	0	12.47	1	1.1	0.9;
	18	1	0	0	0	0	1	1	0	12.47	1	1.1	0.9;
	19	1	0	0	0	0	1	1	0	12.47	1	1.1	0.9;
	20	1	75	0	0	0	1	1	0	12.47	1	1.1	0.9;
	21	1	75	0	0	0	1	1	0	12.47	1	1.1	0.9;
	22	1	0	0	0	0	1	1	0	12.47	1	1.1	0.9;
	23	1	75	0	0	0	1	1	0	12.47	1	1.1	0.9;
	24	1	0	0	0	0	1	1	0	12.47	1	1.1	0.9;
	25	1	0	0	0	0	1	1	0	12.47	1	1.1	0.9;
	26	1	150	0	0	0	1	1	0	12.47	1	1.1	0.9;
	27	1	75	0	0	0	1	1	0	12.47	1	1.1	0.9;
	28	1	0	0	0	0	1	1	0	12.47	1	1.1	0.9;
	29	1	75	0	0	0	1	1	0	12.47	1	1.1	0.9;
	30	1	0	0	0	0	1	1	0	12.47	1	1.1	0.9;
	31	1	0	0	0	0	1	1	0	12.47	1	1.1	0.9;
	32	1	150	0	0	0	1	1	0	12.47	1	1.1	0.9;
	33	1	0	0	0	0	1	1	0	12.47	1	1.1	0.9;
	34	1	150	0	0	0	1	1	0	12.47	1	1.1	0.9;
	35	1	300	0	0	0	1	1	0	12.47	1	1.1	0.9;
	36	1	150	0	0	0	1	1	0	12.47	1	1.1	0.9;
	37	1	50	0	0	0	1	1	0	12.47	1	1.1	0.9;
	38	1	0	0	0	0	1	1	0	12.47	1	1.1	0.9;
	39	1	20	0	0	0	1	1	0	12.47	1	1.1	0.9;
	40	1	0	0	0	0	1	1	0	12.47	1	1.1	0.9;
	41	1	75	0	0	0	1	1	0	12.47	1	1.1	0.9;
	42	1	0	0	0	0	1	1	0	12.47	1	1.1	0.9;
	43	1	0	0	0	0	1	1	0	12.47	1	1.1	0.9;
	44	1	50	0	0	0	1	1	0	12.47	1	1.1	0.9;
	45	1	0	0	0	0	1	1	0	12.47	1	1.1	0.9;
	46	1	0	0	0	0	1	1	0	12.47	1	1.1	0.9;
	47	1	0	0	0	0	1	1	0	12.47	1	1.1	0.9;
	48	1	125	0	0	0	1	1	0	12.47	1	1.1	0.9;
	49	1	150	0	0	0	1	1	0	12.47	1	1.1	0.9;
	50	1	0	0	0	0	1	1	0	12.47	1	1.1	0.9;
	51	1	125	0	0	0	1	1	0	12.47	1	1.1	0.9;
	52	1	75	0	0	0	1	1	0	12.47	1	1.1	0.9;
	53	1	100	0	0	0	1	1	0	12.47	1	1.1	0.9;
	54	1	0	0	0	0	1	1	0	12.47	1	1.1	0.9;
	55	1	0	0	0	0	1	1	0	12.47	1	1.1	0.9;
	56	1	25	0	0	0	1	1	0	12.47	1	1.1	0.9;
	57	1	0	0	0	0	1	1	0	12.47	1	1.1	0.9;
	58	1	300	0	0	0	1	1	0	12.47	1	1.1	0.9;
	59	1	150	0	0	0	1	1	0	12.47	1	1.1	0.9;
	60	1	0	0	0	0	1	1	0	12.47	1	1.1	0.9;
	61	1	300	0	0	0	1	1	0	12.47	1	1.1	0.9;
	62	1	200	0	0	0	1	1	0	12.47	1	1.1	0.9;
	63	1	0	0	0	0	1	1	0	12.47	1	1.1	0.9;
	64	1	300	0	0	0	1	1	0	12.47	1	1.1	0.9;
	65	1	150	0	0	0	1	1	0	12.47	1	1.1	0.9;
	66	1	225	0	0	0	1	1	0	12.47	1	1.1	0.9;
	67	1	50	0	0	0	1	1	0	12.47	1	1.1	0.9;
	68	1	100	0	0	0	1	1	0	12.47	1	1.1	0.9;
	69	1	300	0	0	0	1	1	0	12.47	1	1.1	0.9;
	70	1	0	0	0	0	1	1	0	12.47	1	1.1	0.9;
	71	1	300	0	0	0	1	1	0	12.47	1	1.1	0.9;
	72	1	150	0	0	0	1	1	0	12.47	1	1.1	0.9;
	73	1	300	0	0	0	1	1	0	12.47	1	1.1	0.9;
	74	1	300	0	0	0	1	1	0	12.47	1	1.1	0.9;
	75	1	45	0	0	0	1	1	0	12.47	1	1.1	0.9;
	76	1	75	0	0	0	1	1	0	12.47	1	1.1	0.9;
	77	1	150	0	0	0	1	1	0	12.47	1	1.1	0.9;
	78	1	0	0	0	0	1	1	0	12.47	1	1.1	0.9;
	79	1	502.5	0	0	0	1	1	0	12.47	1	1.1	0.9;
	80	1	750	0	0	0	1	1	0	12.47	1	1.1	0.9;
	81	1	0	0	0	0	1	1	0	12.47	1	1.1	0.9;
	82	1	150	0	0	0	1	1	0	12.47	1	1.1	0.9;
	83	1	75	0	0	0	1	1	0	12.47	1	1.1	0.9;
	84	1	225	0	0	0	1	1	0	12.47	1	1.1	0.9;
	85	1	0	0	0	0	1	1	0	12.47	1	1.1	0.9;
	86	1	500	0	0	0	1	1	0	12.47	1	1.1	0.9;
	87	1	150	0	0	0	1	1	0	12.47	1	1.1	0.9;
	88	1	75	0	0	0	1	1	0	12.47	1	1.1	0.9;
	89	1	65	0	0	0	1	1	0	12.47	1	1.1	0.9;
	90	1	0	0	0	0	1	1	0	12.47	1	1.1	0.9;
	91	1	0	0	0	0	1	1	0	12.47	1	1.1	0.9;
	92	1	0	0	0	0	1	1	0	12.47	1	1.1	0.9;
	93	1	0	0	0	0	1	1	0	12.47	1	1.1	0.9;
	94	1	110	0	0	0	1	1	0	12.47	1	1.1	0.9;
	95	1	0	0	0	0	1	1	0	12.47	1	1.1	0.9;
	96	1	150	0	0	0	1	1	0	12.47	1	1.1	0.9;
	97	1	0	0	0	0	1	1	0	12.47	1	1.1	0.9;
	98	1	300	0	0	0	1	1	0	12.47	1	1.1	0.9;
	99	1	0	0	0	0	1	1	0	12.47	1	1.1	0.9;
	100	1	300	0	0	0	1	1	0	12.47	1	1.1	0.9;
	101	1	15	0	0	0	1	1	0	12.47	1	1.1	0.9;
	102	1	0	0	0	0	1	1	0	12.47	1	1.1	0.9;
	103	1	125	0	0	0	1	1	0	12.47	1	1.1	0.9;
	104	1	0	0	0	0	1	1	0	12.47	1	1.1	0.9;
	105	1	300	0	0	0	1	1	0	12.47	1	1.1	0.9;
	106	1	150	0	0	0	1	1	0	12.47	1	1.1	0.9;
	107	1	502.5	0	0	0	1	1	0	12.47	1	1.1	0.9;
	108	1	0	0	0	0	1	1	0	12.47	1	1.1	0.9;
	109	1	750	0	0	0	1	1	0	12.47	1	1.1	0.9;
	110	1	750	0	0	0	1	1	0	12.47	1	1.1	0.9;
	111	1	25	0	0	0	1	1	0	12.47	1	1.1	0.9;
	112	1	500	0	0	0	1	1	0	12.47	1	1.1	0.9;
	113	1	75	0	0	0	1	1	0	12.47	1	1.1	0.9;
	114	1	0	0	0	0	1	1	0	12.47	1	1.1	0.9;
	115	1	0	0	0	0	1	1	0	12.47	1	1.1	0.9;
	116	1	300	0	0	0	1	1	0	12.47	1	1.1	0.9;
	117	1	65	0	0	0	1	1	0	12.47	1	1.1	0.9;
	118	1	0	0	0	0	1	1	0	12.47	1	1.1	0.9;
	119	1	110	0	0	0	1	1	0	12.47	1	1.1	0.9;
	120	1	0	0	0	0	1	1	0	12.47	1	1.1	0.9;
	121	1	0	0	0	0	1	1	0	12.47	1	1.1	0.9;
	122	1	0	0	0	0	1	1	0	12.47	1	1.1	0.9;
	123	1	100	0	0	0	1	1	0	12.47	1	1.1	0.9;
	124	1	125	0	0	0	1	1	0	12.47	1	1.1	0.9;
	125	1	0	0	0	0	1	1	0	12.47	1	1.1	0.9;
	126	1	0	0	0	0	1	1	0	12.47	1	1.1	0.9;
	127	1	75	0	0	0	1	1	0	12.47	1	1.1	0.9;
	128	1	75	0	0	0	1	1	0	12.47	1	1.1	0.9;
	129	1	110	0	0	0	1	1	0	12.47	1	1.1	0.9;
	130	1	112.5	0	0	0	1	1	0	12.47	1	1.1	0.9;
	131	1	0	0	0	0	1	1	0	12.47	1	1.1	0.9;
	132	1	75	0	0	0	1	1	0	12.47	1	1.1	0.9;
	133	1	45	0	0	0	1	1	0	12.47	1	1.1	0.9;
	134	1	35	0	0	0	1	1	0	12.47	1	1.1	0.9;
	135	1	25	0	0	0	1	1	0	12.47	1	1.1	0.9;
	136	1	75	0	0	0	1	1	0	12.47	1	1.1	0.9;
	137	1	55	0	0	0	1	1	0	12.47	1	1.1	0.9;
	138	1	50	0	0	0	1	1	0	12.47	1	1.1	0.9;
	139	1	50	0	0	0	1	1	0	12.47	1	1.1	0.9;
	140	1	150	0	0	0	1	1	0	12.47	1	1.1	0.9;
	141	1	75	0	0	0	1	1	0	12.47	1	1.1	0.9;
];

%% generator data
%	bus	Pg	Qg	Qmax	Qmin	Vg	mBase	status	Pmax	Pmin	Pc1	Pc2	Qc1min	Qc1max	Qc2min	Qc2max	ramp_agc	ramp_10	ramp_30	ramp_q	apf
mpc.gen = [
	1	0	0	100	-100	1	100	1	100	0	0	0	0	0	0	0	0	0	0	0	0;
];

%% branch data
%	fbus	tbus	r	x	b	rateA	rateB	rateC	ratio	angle	status	angmin	angmax
