function mpc = case533mt_hi
%CASE533MT  Power flow data for 533-bus distribution system from Malmer & Thorin
%   Please see CASEFORMAT for details on the case file format.
%
%   This case is based on real system data from the local DSO Kraftringen in
%   southern Sweden. The system covers about 20x30 km and serves about 30,000
%   inhabitants plus an industrial area. 
% 
%   In 2022, the total net load in the system ranged from -5 to 45 MW. 
%   The default loads in this case correspond to the net loads during
%   the maximum net load hour of 2022 (Pd_tot = 45 MW).
%
%   Data from ...
%       G. Malmer & L. Thorin, 
%       "Network reconfiguration for renewable generation maximization",
%       Master's thesis, Lund University, 2023
%       URL: http://lup.lub.lu.se/student-papers/record/9124806

%   MATPOWER
%   Copyright (c) 2023 by Gabriel Malmer and Lovisa Thorin
%   Licensed under the Creative Commons Attribution 4.0 International license,
%   https://creativecommons.org/licenses/by/4.0/

%% MATPOWER Case Format : Version 2
mpc.version = '2';

%%-----  Power Flow Data  -----%%
%% system MVA base
mpc.baseMVA = 50/3; 

%% bus data

% Pd are net loads (pL - pG) from the maximum total net load hour of 2022, Dec 16 at 08:00
% Qd = 0.01*Pd

%	bus_i type Pd	        Qd	            Gs	Bs	area Vm	Va	baseKV	    zone Vmax	Vmin
mpc.bus = [ %% (Pd and Qd are given in single-phase MW & MVAr here)
    1	3	0	            0	            0	0	1	1	0	135/sqrt(3)	1	1	    1
    2	1	0	            0	            0	0	1	1	0	12/sqrt(3)	1	1.05	0.95;
    3	1	0	            0	            0	0	1	1	0	12/sqrt(3)	1	1.05	0.95;
    4	1	0	            0	            0	0	1	1	0	135/sqrt(3)	1	1.05	0.95;
    5	1	0	            0	            0	0	1	1	0	12/sqrt(3)	1	1.05	0.95;
    6	1	0.011666667	    0.000116667	    0	0	1	1	0	12/sqrt(3)	1	1.05	0.95;
    7	1	0.001333333	    1.33E-05	    0	0	1	1	0	12/sqrt(3)	1	1.05	0.95;
    8	1	-0.01	        -0.0001	        0	0	1	1	0	12/sqrt(3)	1	1.05	0.95;
    9	1	0.015430667	    0.000154307	    0	0	1	1	0	12/sqrt(3)	1	1.05	0.95;
    10	1	0.001333333	    1.33E-05	    0	0	1	1	0	12/sqrt(3)	1	1.05	0.95;
    11	1	0.005120333	    5.12E-05	    0	0	1	1	0	12/sqrt(3)	1	1.05	0.95;
    12	1	0.0045	        4.50E-05	    0	0	1	1	0	12/sqrt(3)	1	1.05	0.95;
    13	1	0.012233333	    0.000122333	    0	0	1	1	0	12/sqrt(3)	1	1.05	0.95;
    14	1	0.013601333	    0.000136013	    0	0	1	1	0	12/sqrt(3)	1	1.05	0.95;
    15	1	0.003033333	    3.03E-05	    0	0	1	1	0	12/sqrt(3)	1	1.05	0.95;
    16	1	0.003533333	    3.53E-05	    0	0	1	1	0	12/sqrt(3)	1	1.05	0.95;
    17	1	0.010909333	    0.000109093	    0	0	1	1	0	12/sqrt(3)	1	1.05	0.95;
    18	1	0.003145	    3.15E-05	    0	0	1	1	0	12/sqrt(3)	1	1.05	0.95;
    19	1	0.010404333	    0.000104043	    0	0	1	1	0	12/sqrt(3)	1	1.05	0.95;
    20	1	0.011139333	    0.000111393	    0	0	1	1	0	12/sqrt(3)	1	1.05	0.95;
    21	1	0.002033333	    2.03E-05	    0	0	1	1	0	12/sqrt(3)	1	1.05	0.95;
    22	1	0.043089	    0.00043089	    0	0	1	1	0	12/sqrt(3)	1	1.05	0.95;
    23	1	0.135866	    0.00135866	    0	0	1	1	0	12/sqrt(3)	1	1.05	0.95;
    24	1	0.036602333	    0.000366023	    0	0	1	1	0	12/sqrt(3)	1	1.05	0.95;
    25	1	0.060565667	    0.000605657	    0	0	1	1	0	12/sqrt(3)	1	1.05	0.95;
    26	1	0.026843	    0.00026843	    0	0	1	1	0	12/sqrt(3)	1	1.05	0.95;
    27	1	0.002333333	    2.33E-05	    0	0	1	1	0	12/sqrt(3)	1	1.05	0.95;
    28	1	0.116758667	    0.001167587	    0	0	1	1	0	12/sqrt(3)	1	1.05	0.95;
    29	1	0.01372	        0.0001372	    0	0	1	1	0	12/sqrt(3)	1	1.05	0.95;
    30	1	0.137666667	    0.001376667	    0	0	1	1	0	12/sqrt(3)	1	1.05	0.95;
    31	1	0	            0	            0	0	1	1	0	12/sqrt(3)	1	1.05	0.95;
    32	1	0.073793667	    0.000737937	    0	0	1	1	0	12/sqrt(3)	1	1.05	0.95;
    33	1	0.091932333	    0.000919323	    0	0	1	1	0	12/sqrt(3)	1	1.05	0.95;
    34	1	0.152158667	    0.001521587	    0	0	1	1	0	12/sqrt(3)	1	1.05	0.95;
    35	1	0.104275	    0.00104275	    0	0	1	1	0	12/sqrt(3)	1	1.05	0.95;
    36	1	0.114037	    0.00114037	    0	0	1	1	0	12/sqrt(3)	1	1.05	0.95;
    37	1	0	            0	            0	0	1	1	0	12/sqrt(3)	1	1.05	0.95;
    38	1	0.127620333	    0.001276203	    0	0	1	1	0	12/sqrt(3)	1	1.05	0.95;
    39	1	0.045260333	    0.000452603	    0	0	1	1	0	12/sqrt(3)	1	1.05	0.95;
    40	1	0.104846333	    0.001048463	    0	0	1	1	0	12/sqrt(3)	1	1.05	0.95;
    41	1	0.008302667	    8.30E-05	    0	0	1	1	0	12/sqrt(3)	1	1.05	0.95;
    42	1	0.001666667	    1.67E-05	    0	0	1	1	0	12/sqrt(3)	1	1.05	0.95;
    43	1	0.001	        1.00E-05	    0	0	1	1	0	12/sqrt(3)	1	1.05	0.95;
    44	1	0.128162333	    0.001281623	    0	0	1	1	0	12/sqrt(3)	1	1.05	0.95;
    45	1	0.022831667	    0.000228317	    0	0	1	1	0	12/sqrt(3)	1	1.05	0.95;
    46	1	0.021797	    0.00021797	    0	0	1	1	0	12/sqrt(3)	1	1.05	0.95;
    47	1	-0.020333333	-0.000203333	0	0	1	1	0	12/sqrt(3)	1	1.05	0.95;
    48	1	0.011620333	    0.000116203	    0	0	1	1	0	12/sqrt(3)	1	1.05	0.95;
    49	1	0.0133	        0.000133	    0	0	1	1	0	12/sqrt(3)	1	1.05	0.95;
    50	1	0.014470667	    0.000144707	    0	0	1	1	0	12/sqrt(3)	1	1.05	0.95;
    51	1	0.002515	    2.52E-05	    0	0	1	1	0	12/sqrt(3)	1	1.05	0.95;
    52	1	-0.011666667	-0.000116667	0	0	1	1	0	12/sqrt(3)	1	1.05	0.95;
    53	1	0.009918	    9.92E-05	    0	0	1	1	0	12/sqrt(3)	1	1.05	0.95;
    54	1	0.008893333	    8.89E-05	    0	0	1	1	0	12/sqrt(3)	1	1.05	0.95;
    55	1	0.003348667	    3.35E-05	    0	0	1	1	0	12/sqrt(3)	1	1.05	0.95;
    56	1	0.038106	    0.00038106	    0	0	1	1	0	12/sqrt(3)	1	1.05	0.95;
    57	1	0.098204667	    0.000982047	    0	0	1	1	0	12/sqrt(3)	1	1.05	0.95;
    58	1	0.02217	        0.0002217	    0	0	1	1	0	12/sqrt(3)	1	1.05	0.95;
    59	1	0.013351	    0.00013351	    0	0	1	1	0	12/sqrt(3)	1	1.05	0.95;
    60	1	0.134312333	    0.001343123	    0	0	1	1	0	12/sqrt(3)	1	1.05	0.95;
    61	1	0.121267	    0.00121267	    0	0	1	1	0	12/sqrt(3)	1	1.05	0.95;
    62	1	0.098485667	    0.000984857	    0	0	1	1	0	12/sqrt(3)	1	1.05	0.95;
    63	1	0.211801667	    0.002118017	    0	0	1	1	0	12/sqrt(3)	1	1.05	0.95;
    64	1	0.078207667	    0.000782077	    0	0	1	1	0	12/sqrt(3)	1	1.05	0.95;
    65	1	0.029	        0.00029	        0	0	1	1	0	12/sqrt(3)	1	1.05	0.95;
    66	1	0.146945	    0.00146945	    0	0	1	1	0	12/sqrt(3)	1	1.05	0.95;
    67	1	0.166857	    0.00166857	    0	0	1	1	0	12/sqrt(3)	1	1.05	0.95;
    68	1	0.199800667	    0.001998007	    0	0	1	1	0	12/sqrt(3)	1	1.05	0.95;
    69	1	0.140727	    0.00140727	    0	0	1	1	0	12/sqrt(3)	1	1.05	0.95;
    70	1	0.066196	    0.00066196	    0	0	1	1	0	12/sqrt(3)	1	1.05	0.95;
    71	1	0.045955667	    0.000459557	    0	0	1	1	0	12/sqrt(3)	1	1.05	0.95;
    72	1	1.380666667	    0.013806667	    0	0	1	1	0	12/sqrt(3)	1	1.05	0.95;
    73	1	0.155333333	    0.001553333	    0	0	1	1	0	12/sqrt(3)	1	1.05	0.95;
    74	1	0.093	        0.00093	        0	0	1	1	0	12/sqrt(3)	1	1.05	0.95;
    75	1	0.031188	    0.00031188	    0	0	1	1	0	12/sqrt(3)	1	1.05	0.95;
    76	1	0.038333333	    0.000383333	    0	0	1	1	0	12/sqrt(3)	1	1.05	0.95;
    77	1	0.007829	    7.83E-05	    0	0	1	1	0	12/sqrt(3)	1	1.05	0.95;
    78	1	0.036480667	    0.000364807	    0	0	1	1	0	12/sqrt(3)	1	1.05	0.95;
    79	1	0.015247	    0.00015247	    0	0	1	1	0	12/sqrt(3)	1	1.05	0.95;
    80	1	0.005155	    5.16E-05	    0	0	1	1	0	12/sqrt(3)	1	1.05	0.95;
    81	1	0	            0	            0	0	1	1	0	12/sqrt(3)	1	1.05	0.95;
    82	1	0.01534	        0.0001534	    0	0	1	1	0	12/sqrt(3)	1	1.05	0.95;
    83	1	0.016132333	    0.000161323	    0	0	1	1	0	12/sqrt(3)	1	1.05	0.95;
    84	1	0.029594667	    0.000295947	    0	0	1	1	0	12/sqrt(3)	1	1.05	0.95;
    85	1	0.023695333	    0.000236953	    0	0	1	1	0	12/sqrt(3)	1	1.05	0.95;
    86	1	0.011241667	    0.000112417	    0	0	1	1	0	12/sqrt(3)	1	1.05	0.95;
    87	1	0.007293333	    7.29E-05	    0	0	1	1	0	12/sqrt(3)	1	1.05	0.95;
    88	1	0.004067333	    4.07E-05	    0	0	1	1	0	12/sqrt(3)	1	1.05	0.95;
    89	1	0.006327667	    6.33E-05	    0	0	1	1	0	12/sqrt(3)	1	1.05	0.95;
    90	1	0.014197667	    0.000141977	    0	0	1	1	0	12/sqrt(3)	1	1.05	0.95;
