function mpc = case141
%CASE141  Power flow data for 141 bus distribution system
%    Please see CASEFORMAT for details on the case file format.
%
%    Data from ...
%       H.M. Khodr, F.G. Olsina, P.M. De Oliveira-De Jesus, J.M. Yusta,
%       Maximum savings approach for location and sizing of capacitors in
%       distribution systems, Electric Power Systems Research, Volume 78,
%       Issue 7, July 2008, Pages 1192-1203
%       https://doi.org/10.1016/j.epsr.2007.10.002

%% MATPOWER Case Format : Version 2
mpc.version = '2';

%% system MVA base
mpc.baseMVA = 10;

%% bus data
% bus_i  type  Pd  Qd  Gs  Bs  area  Vm  Va  baseKV  zone  Vmax  Vmin
mpc.bus = [
  1  3  0.0000  0.0000  0.0000  0.0000  1  1  0  12.5  1  1.1  0.9
  2  1  0.0000  0.0000  0.0000  0.0000  1  1  0  12.5  1  1.1  0.9
  3  1  0.0000  0.0000  0.0000  0.0000  1  1  0  12.5  1  1.1  0.9
  4  1  0.0000  0.0000  0.0000  0.0000  1  1  0  12.5  1  1.1  0.9
  5  1  0.0000  0.0000  0.0000  0.0000  1  1  0  12.5  1  1.1  0.9
  6  1  0.0000  0.0000  0.0000  0.0000  1  1  0  12.5  1  1.1  0.9
  7  1  0.0000  0.0000  0.0000  0.0000  1  1  0  12.5  1  1.1  0.9
  8  1  0.0638  0.0395  0.0000  0.0000  1  1  0  12.5  1  1.1  0.9
  9  1  0.0085  0.0053  0.0000  0.0000  1  1  0  12.5  1  1.1  0.9
 10  1  0.0000  0.0000  0.0000  0.0000  1  1  0  12.5  1  1.1  0.9
 11  1  0.0000  0.0000  0.0000  0.0000  1  1  0  12.5  1  1.1  0.9
 12  1  0.0213  0.0132  0.0000  0.0000  1  1  0  12.5  1  1.1  0.9
 13  1  0.0638  0.0395  0.0000  0.0000  1  1  0  12.5  1  1.1  0.9
 14  1  0.0000  0.0000  0.0000  0.0000  1  1  0  12.5  1  1.1  0.9
 15  1  0.0000  0.0000  0.0000  0.0000  1  1  0  12.5  1  1.1  0.9
 16  1  0.0000  0.0000  0.0000  0.0000  1  1  0  12.5  1  1.1  0.9
 17  1  0.1275  0.0790  0.0000  0.0000  1  1  0  12.5  1  1.1  0.9
 18  1  0.0000  0.0000  0.0000  0.0000  1  1  0  12.5  1  1.1  0.9
 19  1  0.0000  0.0000  0.0000  0.0000  1  1  0  12.5  1  1.1  0.9
 20  1  0.0638  0.0395  0.0000  0.0000  1  1  0  12.5  1  1.1  0.9
 21  1  0.0638  0.0395  0.0000  0.0000  1  1  0  12.5  1  1.1  0.9
 22  1  0.0000  0.0000  0.0000  0.0000  1  1  0  12.5  1  1.1  0.9
 23  1  0.0638  0.0395  0.0000  0.0000  1  1  0  12.5  1  1.1  0.9
 24  1  0.0000  0.0000  0.0000  0.0000  1  1  0  12.5  1  1.1  0.9
 25  1  0.0000  0.0000  0.0000  0.0000  1  1  0  12.5  1  1.1  0.9
 26  1  0.1275  0.0790  0.0000  0.0000  1  1  0  12.5  1  1.1  0.9
 27  1  0.0638  0.0395  0.0000  0.0000  1  1  0  12.5  1  1.1  0.9
 28  1  0.0000  0.0000  0.0000  0.0000  1  1  0  12.5  1  1.1  0.9
 29  1  0.0638  0.0395  0.0000  0.0000  1  1  0  12.5  1  1.1  0.9
 30  1  0.0000  0.0000  0.0000  0.0000  1  1  0  12.5  1  1.1  0.9
 31  1  0.0000  0.0000  0.0000  0.0000  1  1  0  12.5  1  1.1  0.9
 32  1  0.1275  0.0790  0.0000  0.0000  1  1  0  12.5  1  1.1  0.9
 33  1  0.0000  0.0000  0.0000  0.0000  1  1  0  12.5  1  1.1  0.9
 34  1  0.1275  0.0790  0.0000  0.0000  1  1  0  12.5  1  1.1  0.9
 35  1  0.2550  0.1580  0.0000  0.0000  1  1  0  12.5  1  1.1  0.9
 36  1  0.1275  0.0790  0.0000  0.0000  1  1  0  12.5  1  1.1  0.9
 37  1  0.0425  0.0263  0.0000  0.0000  1  1  0  12.5  1  1.1  0.9
 38  1  0.0000  0.0000  0.0000  0.0000  1  1  0  12.5  1  1.1  0.9
 39  1  0.0170  0.0105  0.0000  0.0000  1  1  0  12.5  1  1.1  0.9
 40  1  0.0000  0.0000  0.0000  0.0000  1  1  0  12.5  1  1.1  0.9
 41  1  0.0638  0.0395  0.0000  0.0000  1  1  0  12.5  1  1.1  0.9
 42  1  0.0000  0.0000  0.0000  0.0000  1  1  0  12.5  1  1.1  0.9
 43  1  0.0000  0.0000  0.0000  0.0000  1  1  0  12.5  1  1.1  0.9
 44  1  0.0425  0.0263  0.0000  0.0000  1  1  0  12.5  1  1.1  0.9
 45  1  0.0000  0.0000  0.0000  0.0000  1  1  0  12.5  1  1.1  0.9
 46  1  0.0000  0.0000  0.0000  0.0000  1  1  0  12.5  1  1.1  0.9
 47  1  0.0000  0.0000  0.0000  0.0000  1  1  0  12.5  1  1.1  0.9
 48  1  0.1062  0.0658  0.0000  0.0000  1  1  0  12.5  1  1.1  0.9
 49  1  0.1275  0.0790  0.0000  0.0000  1  1  0  12.5  1  1.1  0.9
 50  1  0.0000  0.0000  0.0000  0.0000  1  1  0  12.5  1  1.1  0.9
 51  1  0.1062  0.0658  0.0000  0.0000  1  1  0  12.5  1  1.1  0.9
 52  1  0.0638  0.0395  0.0000  0.0000  1  1  0  12.5  1  1.1  0.9
 53  1  0.0425  0.0263  0.0000  0.0000  1  1  0  12.5  1  1.1  0.9
 54  1  0.0000  0.0000  0.0000  0.0000  1  1  0  12.5  1  1.1  0.9
 55  1  0.0000  0.0000  0.0000  0.0000  1  1  0  12.5  1  1.1  0.9
 56  1  0.0213  0.0132  0.0000  0.0000  1  1  0  12.5  1  1.1  0.9
 57  1  0.0000  0.0000  0.0000  0.0000  1  1  0  12.5  1  1.1  0.9
 58  1  0.2550  0.1580  0.0000  0.0000  1  1  0  12.5  1  1.1  0.9
 59  1  0.1275  0.0790  0.0000  0.0000  1  1  0  12.5  1  1.1  0.9
 60  1  0.0000  0.0000  0.0000  0.0000  1  1  0  12.5  1  1.1  0.9
 61  1  0.2550  0.1580  0.0000  0.0000  1  1  0  12.5  1  1.1  0.9
 62  1  0.1700  0.1054  0.0000  0.0000  1  1  0  12.5  1  1.1  0.9
 63  1  0.0000  0.0000  0.0000  0.0000  1  1  0  12.5  1  1.1  0.9
 64  1  0.2550  0.1580  0.0000  0.0000  1  1  0  12.5  1  1.1  0.9
 65  1  0.1275  0.0790  0.0000  0.0000  1  1  0  12.5  1  1.1  0.9
 66  1  0.1913  0.1185  0.0000  0.0000  1  1  0  12.5  1  1.1  0.9
 67  1  0.0425  0.0263  0.0000  0.0000  1  1  0  12.5  1  1.1  0.9
 68  1  0.0850  0.0527  0.0000  0.0000  1  1  0  12.5  1  1.1  0.9
 69  1  0.2550  0.1580  0.0000  0.0000  1  1  0  12.5  1  1.1  0.9
 70  1  0.0000  0.0000  0.0000  0.0000  1  1  0  12.5  1  1.1  0.9
 71  1  0.2550  0.1580  0.0000  0.0000  1  1  0  12.5  1  1.1  0.9
 72  1  0.1275  0.0790  0.0000  0.0000  1  1  0  12.5  1  1.1  0.9
 73  1  0.2550  0.1580  0.0000  0.0000  1  1  0  12.5  1  1.1  0.9
 74  1  0.2550  0.1580  0.0000  0.0000  1  1  0  12.5  1  1.1  0.9
 75  1  0.0382  0.0237  0.0000  0.0000  1  1  0  12.5  1  1.1  0.9
 76  1  0.0638  0.0395  0.0000  0.0000  1  1  0  12.5  1  1.1  0.9
 77  1  0.1275  0.0790  0.0000  0.0000  1  1  0  12.5  1  1.1  0.9
 78  1  0.0000  0.0000  0.0000  0.0000  1  1  0  12.5  1  1.1  0.9
 79  1  0.4271  0.2647  0.0000  0.0000  1  1  0  12.5  1  1.1  0.9
 80  1  0.6375  0.3951  0.0000  0.0000  1  1  0  12.5  1  1.1  0.9
 81  1  0.0000  0.0000  0.0000  0.0000  1  1  0  12.5  1  1.1  0.9
 82  1  0.1275  0.0790  0.0000  0.0000  1  1  0  12.5  1  1.1  0.9
 83  1  0.0638  0.0395  0.0000  0.0000  1  1  0  12.5  1  1.1  0.9
 84  1  0.1913  0.1185  0.0000  0.0000  1  1  0  12.5  1  1.1  0.9
 85  1  0.0000  0.0000  0.0000  0.0000  1  1  0  12.5  1  1.1  0.9
 86  1  0.4250  0.2634  0.0000  0.0000  1  1  0  12.5  1  1.1  0.9
 87  1  0.1275  0.0790  0.0000  0.0000  1  1  0  12.5  1  1.1  0.9
 88  1  0.0638  0.0395  0.0000  0.0000  1  1  0  12.5  1  1.1  0.9
 89  1  0.0553  0.0342  0.0000  0.0000  1  1  0  12.5  1  1.1  0.9
 90  1  0.0000  0.0000  0.0000  0.0000  1  1  0  12.5  1  1.1  0.9
 91  1  0.0000  0.0000  0.0000  0.0000  1  1  0  12.5  1  1.1  0.9
 92  1  0.0000  0.0000  0.0000  0.0000  1  1  0  12.5  1  1.1  0.9
 93  1  0.0000  0.0000  0.0000  0.0000  1  1  0  12.5  1  1.1  0.9
 94  1  0.0935  0.0579  0.0000  0.0000  1  1  0  12.5  1  1.1  0.9
 95  1  0.0000  0.0000  0.0000  0.0000  1  1  0  12.5  1  1.1  0.9
 96  1  0.1275  0.0790  0.0000  0.0000  1  1  0  12.5  1  1.1  0.9
 97  1  0.0000  0.0000  0.0000  0.0000  1  1  0  12.5  1  1.1  0.9
 98  1  0.2550  0.1580  0.0000  0.0000  1  1  0  12.5  1  1.1  0.9
 99  1  0.0000  0.0000  0.0000  0.0000  1  1  0  12.5  1  1.1  0.9
100  1  0.2550  0.1580  0.0000  0.0000  1  1  0  12.5  1  1.1  0.9
101  1  0.0127  0.0079  0.0000  0.0000  1  1  0  12.5  1  1.1  0.9
102  1  0.0000  0.0000  0.0000  0.0000  1  1  0  12.5  1  1.1  0.9
103  1  0.1062  0.0658  0.0000  0.0000  1  1  0  12.5  1  1.1  0.9
104  1  0.0000  0.0000  0.0000  0.0000  1  1  0  12.5  1  1.1  0.9
105  1  0.2550  0.1580  0.0000  0.0000  1  1  0  12.5  1  1.1  0.9
106  1  0.1275  0.0790  0.0000  0.0000  1  1  0  12.5  1  1.1  0.9
107  1  0.4271  0.2647  0.0000  0.0000  1  1  0  12.5  1  1.1  0.9
108  1  0.0000  0.0000  0.0000  0.0000  1  1  0  12.5  1  1.1  0.9
109  1  0.6375  0.3951  0.0000  0.0000  1  1  0  12.5  1  1.1  0.9
