function mpc = case136ma
%CASE136MA  Power flow data for 135 bus distribution system from Mantovani, et al
%   Please see CASEFORMAT for details on the case file format.
%
%   Data from ...
%       Mantovani JRS, Casari F, Romero RA (2000) Reconfiguração de sistemas
%       de distribuição radiais utilizando o critério de queda de tensão. Rev
%       Bras Controle Automação - SBA 11:150-159.

%% MATPOWER Case Format : Version 2
mpc.version = '2';

%%-----  Power Flow Data  -----%%
%% system MVA base
mpc.baseMVA = 10;

%% bus data
%	bus_i	type	Pd	Qd	Gs	Bs	area	Vm	Va	baseKV	zone	Vmax	Vmin
mpc.bus = [ %% (Pd and Qd are specified in kW & kVAr here, converted to MW & MVAr below)
	1	3	0	0	0	0	1	1	0	13.8	1	1.05	0.95;
	2	1	0	0	0	0	1	1	0	13.8	1	1.05	0.95;
	3	1	47.78	19.01	0	0	1	1	0	13.8	1	1.05	0.95;
	4	1	42.55	16.93	0	0	1	1	0	13.8	1	1.05	0.95;
	5	1	87.02	34.62	0	0	1	1	0	13.8	1	1.05	0.95;
	6	1	311.31	123.855	0	0	1	1	0	13.8	1	1.05	0.95;
	7	1	148.869	59.23	0	0	1	1	0	13.8	1	1.05	0.95;
	8	1	238.672	94.96	0	0	1	1	0	13.8	1	1.05	0.95;
	9	1	62.3	24.79	0	0	1	1	0	13.8	1	1.05	0.95;
	10	1	124.598	49.57	0	0	1	1	0	13.8	1	1.05	0.95;
	11	1	140.175	55.77	0	0	1	1	0	13.8	1	1.05	0.95;
	12	1	116.813	46.47	0	0	1	1	0	13.8	1	1.05	0.95;
	13	1	249.203	99.15	0	0	1	1	0	13.8	1	1.05	0.95;
	14	1	291.447	115.952	0	0	1	1	0	13.8	1	1.05	0.95;
	15	1	303.72	120.835	0	0	1	1	0	13.8	1	1.05	0.95;
	16	1	215.396	85.7	0	0	1	1	0	13.8	1	1.05	0.95;
	17	1	198.586	79.01	0	0	1	1	0	13.8	1	1.05	0.95;
	18	1	0	0	0	0	1	1	0	13.8	1	1.05	0.95;
	19	1	0	0	0	0	1	1	0	13.8	1	1.05	0.95;
	20	1	0	0	0	0	1	1	0	13.8	1	1.05	0.95;
	21	1	30.13	14.73	0	0	1	1	0	13.8	1	1.05	0.95;
	22	1	230.972	112.92	0	0	1	1	0	13.8	1	1.05	0.95;
	23	1	60.26	29.46	0	0	1	1	0	13.8	1	1.05	0.95;
	24	1	230.972	112.92	0	0	1	1	0	13.8	1	1.05	0.95;
	25	1	120.507	58.92	0	0	1	1	0	13.8	1	1.05	0.95;
	26	1	0	0	0	0	1	1	0	13.8	1	1.05	0.95;
	27	1	56.98	27.86	0	0	1	1	0	13.8	1	1.05	0.95;
	28	1	364.665	178.281	0	0	1	1	0	13.8	1	1.05	0.95;
	29	1	0	0	0	0	1	1	0	13.8	1	1.05	0.95;
	30	1	124.647	60.94	0	0	1	1	0	13.8	1	1.05	0.95;
	31	1	56.98	27.86	0	0	1	1	0	13.8	1	1.05	0.95;
	32	1	0	0	0	0	1	1	0	13.8	1	1.05	0.95;
	33	1	85.47	41.79	0	0	1	1	0	13.8	1	1.05	0.95;
	34	1	0	0	0	0	1	1	0	13.8	1	1.05	0.95;
	35	1	396.735	193.96	0	0	1	1	0	13.8	1	1.05	0.95;
	36	1	0	0	0	0	1	1	0	13.8	1	1.05	0.95;
	37	1	181.152	88.56	0	0	1	1	0	13.8	1	1.05	0.95;
	38	1	242.172	118.395	0	0	1	1	0	13.8	1	1.05	0.95;
	39	1	75.32	36.82	0	0	1	1	0	13.8	1	1.05	0.95;
	40	1	0	0	0	0	1	1	0	13.8	1	1.05	0.95;
	41	1	1.25	0.53	0	0	1	1	0	13.8	1	1.05	0.95;
	42	1	6.27	2.66	0	0	1	1	0	13.8	1	1.05	0.95;
	43	1	0	0	0	0	1	1	0	13.8	1	1.05	0.95;
	44	1	117.88	49.97	0	0	1	1	0	13.8	1	1.05	0.95;
	45	1	62.67	26.57	0	0	1	1	0	13.8	1	1.05	0.95;
	46	1	172.285	73.03	0	0	1	1	0	13.8	1	1.05	0.95;
	47	1	458.556	194.388	0	0	1	1	0	13.8	1	1.05	0.95;
	48	1	262.962	111.473	0	0	1	1	0	13.8	1	1.05	0.95;
	49	1	235.761	99.94	0	0	1	1	0	13.8	1	1.05	0.95;
	50	1	0	0	0	0	1	1	0	13.8	1	1.05	0.95;
	51	1	109.215	46.3	0	0	1	1	0	13.8	1	1.05	0.95;
	52	1	0	0	0	0	1	1	0	13.8	1	1.05	0.95;
	53	1	72.81	30.87	0	0	1	1	0	13.8	1	1.05	0.95;
	54	1	258.473	109.57	0	0	1	1	0	13.8	1	1.05	0.95;
	55	1	69.17	29.32	0	0	1	1	0	13.8	1	1.05	0.95;
	56	1	21.84	9.26	0	0	1	1	0	13.8	1	1.05	0.95;
	57	1	0	0	0	0	1	1	0	13.8	1	1.05	0.95;
	58	1	20.53	8.7	0	0	1	1	0	13.8	1	1.05	0.95;
	59	1	150.548	63.82	0	0	1	1	0	13.8	1	1.05	0.95;
	60	1	220.687	93.55	0	0	1	1	0	13.8	1	1.05	0.95;
	61	1	92.38	39.16	0	0	1	1	0	13.8	1	1.05	0.95;
	62	1	0	0	0	0	1	1	0	13.8	1	1.05	0.95;
	63	1	226.693	96.1	0	0	1	1	0	13.8	1	1.05	0.95;
	64	1	0	0	0	0	1	1	0	13.8	1	1.05	0.95;
	65	1	294.016	116.974	0	0	1	1	0	13.8	1	1.05	0.95;
	66	1	83.02	33.03	0	0	1	1	0	13.8	1	1.05	0.95;
	67	1	83.02	33.03	0	0	1	1	0	13.8	1	1.05	0.95;
	68	1	103.77	41.29	0	0	1	1	0	13.8	1	1.05	0.95;
	69	1	176.408	70.18	0	0	1	1	0	13.8	1	1.05	0.95;
	70	1	83.02	33.03	0	0	1	1	0	13.8	1	1.05	0.95;
	71	1	217.917	86.7	0	0	1	1	0	13.8	1	1.05	0.95;
	72	1	23.29	9.27	0	0	1	1	0	13.8	1	1.05	0.95;
	73	1	5.08	2.02	0	0	1	1	0	13.8	1	1.05	0.95;
	74	1	72.64	28.9	0	0	1	1	0	13.8	1	1.05	0.95;
	75	1	405.99	161.523	0	0	1	1	0	13.8	1	1.05	0.95;
	76	1	0	0	0	0	1	1	0	13.8	1	1.05	0.95;
	77	1	100.182	42.47	0	0	1	1	0	13.8	1	1.05	0.95;
	78	1	142.523	60.42	0	0	1	1	0	13.8	1	1.05	0.95;
	79	1	96.04	40.71	0	0	1	1	0	13.8	1	1.05	0.95;
	80	1	300.454	127.366	0	0	1	1	0	13.8	1	1.05	0.95;
	81	1	141.238	59.87	0	0	1	1	0	13.8	1	1.05	0.95;
	82	1	279.847	118.631	0	0	1	1	0	13.8	1	1.05	0.95;
	83	1	87.31	37.01	0	0	1	1	0	13.8	1	1.05	0.95;
	84	1	243.849	103.371	0	0	1	1	0	13.8	1	1.05	0.95;
	85	1	247.75	105.025	0	0	1	1	0	13.8	1	1.05	0.95;
	86	1	0	0	0	0	1	1	0	13.8	1	1.05	0.95;
	87	1	89.88	38.1	0	0	1	1	0	13.8	1	1.05	0.95;
	88	1	1137.28	482.108	0	0	1	1	0	13.8	1	1.05	0.95;
	89	1	458.339	194.296	0	0	1	1	0	13.8	1	1.05	0.95;
	90	1	385.197	163.29	0	0	1	1	0	13.8	1	1.05	0.95;
	91	1	0	0	0	0	1	1	0	13.8	1	1.05	0.95;
	92	1	79.61	33.75	0	0	1	1	0	13.8	1	1.05	0.95;
	93	1	87.31	37.01	0	0	1	1	0	13.8	1	1.05	0.95;
	94	1	0	0	0	0	1	1	0	13.8	1	1.05	0.95;
	95	1	74	31.37	0	0	1	1	0	13.8	1	1.05	0.95;
	96	1	232.05	98.37	0	0	1	1	0	13.8	1	1.05	0.95;
	97	1	141.819	60.12	0	0	1	1	0	13.8	1	1.05	0.95;
	98	1	0	0	0	0	1	1	0	13.8	1	1.05	0.95;
	99	1	76.45	32.41	0	0	1	1	0	13.8	1	1.05	0.95;
	100	1	0	0	0	0	1	1	0	13.8	1	1.05	0.95;
	101	1	51.32	21.76	0	0	1	1	0	13.8	1	1.05	0.95;
	102	1	59.87	25.38	0	0	1	1	0	13.8	1	1.05	0.95;
	103	1	9.07	3.84	0	0	1	1	0	13.8	1	1.05	0.95;
	104	1	2.09	0.89	0	0	1	1	0	13.8	1	1.05	0.95;
	105	1	16.735	7.09	0	0	1	1	0	13.8	1	1.05	0.95;
	106	1	1506.522	638.634	0	0	1	1	0	13.8	1	1.05	0.95;
	107	1	313.023	132.694	0	0	1	1	0	13.8	1	1.05	0.95;
	108	1	79.83	33.84	0	0	1	1	0	13.8	1	1.05	0.95;
	109	1	51.32	21.76	0	0	1	1	0	13.8	1	1.05	0.95;
	110	1	0	0	0	0	1	1	0	13.8	1	1.05	0.95;
	111	1	202.435	85.82	0	0	1	1	0	13.8	1	1.05	0.95;
	112	1	60.82	25.78	0	0	1	1	0	13.8	1	1.05	0.95;
	113	1	45.62	19.34	0	0	1	1	0	13.8	1	1.05	0.95;
	114	1	0	0	0	0	1	1	0	13.8	1	1.05	0.95;
	115	1	157.07	66.58	0	0	1	1	0	13.8	1	1.05	0.95;
	116	1	0	0	0	0	1	1	0	13.8	1	1.05	0.95;
	117	1	250.148	106.041	0	0	1	1	0	13.8	1	1.05	0.95;
	118	1	0	0	0	0	1	1	0	13.8	1	1.05	0.95;
	119	1	69.81	29.59	0	0	1	1	0	13.8	1	1.05	0.95;
	120	1	32.07	13.6	0	0	1	1	0	13.8	1	1.05	0.95;
	121	1	61.08	25.89	0	0	1	1	0	13.8	1	1.05	0.95;
	122	1	0	0	0	0	1	1	0	13.8	1	1.05	0.95;
	123	1	94.62	46.26	0	0	1	1	0	13.8	1	1.05	0.95;
	124	1	49.86	24.38	0	0	1	1	0	13.8	1	1.05	0.95;
	125	1	123.164	60.21	0	0	1	1	0	13.8	1	1.05	0.95;
	126	1	78.35	38.3	0	0	1	1	0	13.8	1	1.05	0.95;
	127	1	145.475	71.12	0	0	1	1	0	13.8	1	1.05	0.95;
	128	1	21.37	10.45	0	0	1	1	0	13.8	1	1.05	0.95;
	129	1	74.79	36.56	0	0	1	1	0	13.8	1	1.05	0.95;
	130	1	227.926	111.431	0	0	1	1	0	13.8	1	1.05	0.95;
	131	1	35.61	17.41	0	0	1	1	0	13.8	1	1.05	0.95;
	132	1	249.295	121.877	0	0	1	1	0	13.8	1	1.05	0.95;
	133	1	316.722	154.842	0	0	1	1	0	13.8	1	1.05	0.95;
	134	1	333.817	163.199	0	0	1	1	0	13.8	1	1.05	0.95;
	135	1	249.295	121.877	0	0	1	1	0	13.8	1	1.05	0.95;
	136	1	0	0	0	0	1	1	0	13.8	1	1.05	0.95;
];

%% generator data
%	bus	Pg	Qg	Qmax	Qmin	Vg	mBase	status	Pmax	Pmin	Pc1	Pc2	Qc1min	Qc1max	Qc2min	Qc2max	ramp_agc	ramp_10	ramp_30	ramp_q	apf
mpc.gen = [
	1	0	0	10	-10	1	100	1	10	0	0	0	0	0	0	0	0	0	0	0	0;
];

%% branch data
%	fbus	tbus	r	x	b	rateA	rateB	rateC	ratio	angle	status	angmin	angmax
