function mpc = case118zh
%CASE118ZH  Power flow data for 118 bus distribution system from Zhang, et al
%   Please see CASEFORMAT for details on the case file format.
%
%   Data from ...
%       Zhang D, Fu Z, Zhang L (2007) An improved TS algorithm for
%       loss-minimum reconfiguration in large-scale distribution systems.
%       77:685-694. doi: 10.1016/j.epsr.2006.06.005
%       URL: https://doi.org/10.1016/j.epsr.2006.06.005

%% MATPOWER Case Format : Version 2
mpc.version = '2';

%%-----  Power Flow Data  -----%%
%% system MVA base
mpc.baseMVA = 10;

%% bus data
%	bus_i	type	Pd	Qd	Gs	Bs	area	Vm	Va	baseKV	zone	Vmax	Vmin
mpc.bus = [ %% (Pd and Qd are specified in kW & kVAr here, converted to MW & MVAr below)
	1	3	0	0	0	0	1	1	0	11	1	1	1;
	2	1	133.84	101.14	0	0	1	1	0	11	1	1.1	0.9;
	3	1	16.214	11.292	0	0	1	1	0	11	1	1.1	0.9;
	4	1	34.315	21.845	0	0	1	1	0	11	1	1.1	0.9;
	5	1	73.016	63.602	0	0	1	1	0	11	1	1.1	0.9;
	6	1	144.2	68.604	0	0	1	1	0	11	1	1.1	0.9;
	7	1	104.47	61.725	0	0	1	1	0	11	1	1.1	0.9;
	8	1	28.547	11.503	0	0	1	1	0	11	1	1.1	0.9;
	9	1	87.56	51.073	0	0	1	1	0	11	1	1.1	0.9;
	10	1	198.2	106.77	0	0	1	1	0	11	1	1.1	0.9;
	11	1	146.8	75.995	0	0	1	1	0	11	1	1.1	0.9;
	12	1	26.04	18.687	0	0	1	1	0	11	1	1.1	0.9;
	13	1	52.1	23.22	0	0	1	1	0	11	1	1.1	0.9;
	14	1	141.9	117.5	0	0	1	1	0	11	1	1.1	0.9;
	15	1	21.87	28.79	0	0	1	1	0	11	1	1.1	0.9;
	16	1	33.37	26.45	0	0	1	1	0	11	1	1.1	0.9;
	17	1	32.43	25.23	0	0	1	1	0	11	1	1.1	0.9;
	18	1	20.234	11.906	0	0	1	1	0	11	1	1.1	0.9;
	19	1	156.94	78.523	0	0	1	1	0	11	1	1.1	0.9;
	20	1	546.29	351.4	0	0	1	1	0	11	1	1.1	0.9;
	21	1	180.31	164.2	0	0	1	1	0	11	1	1.1	0.9;
	22	1	93.167	54.594	0	0	1	1	0	11	1	1.1	0.9;
	23	1	85.18	39.65	0	0	1	1	0	11	1	1.1	0.9;
	24	1	168.1	95.178	0	0	1	1	0	11	1	1.1	0.9;
	25	1	125.11	150.22	0	0	1	1	0	11	1	1.1	0.9;
	26	1	16.03	24.62	0	0	1	1	0	11	1	1.1	0.9;
	27	1	26.03	24.62	0	0	1	1	0	11	1	1.1	0.9;
	28	1	594.56	522.62	0	0	1	1	0	11	1	1.1	0.9;
	29	1	120.62	59.117	0	0	1	1	0	11	1	1.1	0.9;
	30	1	102.38	99.554	0	0	1	1	0	11	1	1.1	0.9;
	31	1	513.4	318.5	0	0	1	1	0	11	1	1.1	0.9;
	32	1	475.25	456.14	0	0	1	1	0	11	1	1.1	0.9;
	33	1	151.43	136.79	0	0	1	1	0	11	1	1.1	0.9;
	34	1	205.38	83.302	0	0	1	1	0	11	1	1.1	0.9;
	35	1	131.6	93.082	0	0	1	1	0	11	1	1.1	0.9;
	36	1	448.4	369.79	0	0	1	1	0	11	1	1.1	0.9;
	37	1	440.52	321.64	0	0	1	1	0	11	1	1.1	0.9;
	38	1	112.54	55.134	0	0	1	1	0	11	1	1.1	0.9;
	39	1	53.963	38.998	0	0	1	1	0	11	1	1.1	0.9;
	40	1	393.05	342.6	0	0	1	1	0	11	1	1.1	0.9;
	41	1	326.74	278.56	0	0	1	1	0	11	1	1.1	0.9;
	42	1	536.26	240.24	0	0	1	1	0	11	1	1.1	0.9;
	43	1	76.247	66.562	0	0	1	1	0	11	1	1.1	0.9;
	44	1	53.52	39.76	0	0	1	1	0	11	1	1.1	0.9;
	45	1	40.328	31.964	0	0	1	1	0	11	1	1.1	0.9;
	46	1	39.653	20.758	0	0	1	1	0	11	1	1.1	0.9;
	47	1	66.195	42.361	0	0	1	1	0	11	1	1.1	0.9;
	48	1	73.904	51.653	0	0	1	1	0	11	1	1.1	0.9;
	49	1	114.77	57.965	0	0	1	1	0	11	1	1.1	0.9;
	50	1	918.37	1205.1	0	0	1	1	0	11	1	1.1	0.9;
	51	1	210.3	146.66	0	0	1	1	0	11	1	1.1	0.9;
	52	1	66.68	56.608	0	0	1	1	0	11	1	1.1	0.9;
	53	1	42.207	40.184	0	0	1	1	0	11	1	1.1	0.9;
	54	1	433.74	283.41	0	0	1	1	0	11	1	1.1	0.9;
	55	1	62.1	26.86	0	0	1	1	0	11	1	1.1	0.9;
	56	1	92.46	88.38	0	0	1	1	0	11	1	1.1	0.9;
	57	1	85.188	55.436	0	0	1	1	0	11	1	1.1	0.9;
	58	1	345.3	332.4	0	0	1	1	0	11	1	1.1	0.9;
	59	1	22.5	16.83	0	0	1	1	0	11	1	1.1	0.9;
	60	1	80.551	49.156	0	0	1	1	0	11	1	1.1	0.9;
	61	1	95.86	90.758	0	0	1	1	0	11	1	1.1	0.9;
	62	1	62.92	47.7	0	0	1	1	0	11	1	1.1	0.9;
	63	1	478.8	463.74	0	0	1	1	0	11	1	1.1	0.9;
	64	1	120.94	52.006	0	0	1	1	0	11	1	1.1	0.9;
	65	1	139.11	100.34	0	0	1	1	0	11	1	1.1	0.9;
	66	1	391.78	193.5	0	0	1	1	0	11	1	1.1	0.9;
	67	1	27.741	26.713	0	0	1	1	0	11	1	1.1	0.9;
	68	1	52.814	25.257	0	0	1	1	0	11	1	1.1	0.9;
	69	1	66.89	38.713	0	0	1	1	0	11	1	1.1	0.9;
	70	1	467.5	395.14	0	0	1	1	0	11	1	1.1	0.9;
	71	1	594.85	239.74	0	0	1	1	0	11	1	1.1	0.9;
	72	1	132.5	84.363	0	0	1	1	0	11	1	1.1	0.9;
	73	1	52.699	22.482	0	0	1	1	0	11	1	1.1	0.9;
	74	1	869.79	614.775	0	0	1	1	0	11	1	1.1	0.9;
	75	1	31.349	29.817	0	0	1	1	0	11	1	1.1	0.9;
	76	1	192.39	122.43	0	0	1	1	0	11	1	1.1	0.9;
	77	1	65.75	45.37	0	0	1	1	0	11	1	1.1	0.9;
	78	1	238.15	223.22	0	0	1	1	0	11	1	1.1	0.9;
	79	1	294.55	162.47	0	0	1	1	0	11	1	1.1	0.9;
	80	1	485.57	437.92	0	0	1	1	0	11	1	1.1	0.9;
	81	1	243.53	183.03	0	0	1	1	0	11	1	1.1	0.9;
	82	1	243.53	183.03	0	0	1	1	0	11	1	1.1	0.9;
	83	1	134.25	119.29	0	0	1	1	0	11	1	1.1	0.9;
	84	1	22.71	27.96	0	0	1	1	0	11	1	1.1	0.9;
	85	1	49.513	26.515	0	0	1	1	0	11	1	1.1	0.9;
	86	1	383.78	257.16	0	0	1	1	0	11	1	1.1	0.9;
	87	1	49.64	20.6	0	0	1	1	0	11	1	1.1	0.9;
	88	1	22.473	11.806	0	0	1	1	0	11	1	1.1	0.9;
	89	1	62.93	42.96	0	0	1	1	0	11	1	1.1	0.9;
	90	1	30.67	34.93	0	0	1	1	0	11	1	1.1	0.9;
	91	1	62.53	66.79	0	0	1	1	0	11	1	1.1	0.9;
	92	1	114.57	81.748	0	0	1	1	0	11	1	1.1	0.9;
	93	1	81.292	66.526	0	0	1	1	0	11	1	1.1	0.9;
	94	1	31.733	15.96	0	0	1	1	0	11	1	1.1	0.9;
	95	1	33.32	60.48	0	0	1	1	0	11	1	1.1	0.9;
	96	1	531.28	224.85	0	0	1	1	0	11	1	1.1	0.9;
	97	1	507.03	367.42	0	0	1	1	0	11	1	1.1	0.9;
	98	1	26.39	11.7	0	0	1	1	0	11	1	1.1	0.9;
	99	1	45.99	30.392	0	0	1	1	0	11	1	1.1	0.9;
	100	1	100.66	47.572	0	0	1	1	0	11	1	1.1	0.9;
	101	1	456.48	350.3	0	0	1	1	0	11	1	1.1	0.9;
	102	1	522.56	449.29	0	0	1	1	0	11	1	1.1	0.9;
	103	1	408.43	168.46	0	0	1	1	0	11	1	1.1	0.9;
	104	1	141.48	134.25	0	0	1	1	0	11	1	1.1	0.9;
	105	1	104.43	66.024	0	0	1	1	0	11	1	1.1	0.9;
	106	1	96.793	83.647	0	0	1	1	0	11	1	1.1	0.9;
	107	1	493.92	419.34	0	0	1	1	0	11	1	1.1	0.9;
	108	1	225.38	135.88	0	0	1	1	0	11	1	1.1	0.9;
	109	1	509.21	387.21	0	0	1	1	0	11	1	1.1	0.9;
	110	1	188.5	173.46	0	0	1	1	0	11	1	1.1	0.9;
	111	1	918.03	898.55	0	0	1	1	0	11	1	1.1	0.9;
	112	1	305.08	215.37	0	0	1	1	0	11	1	1.1	0.9;
	113	1	54.38	40.97	0	0	1	1	0	11	1	1.1	0.9;
	114	1	211.14	192.9	0	0	1	1	0	11	1	1.1	0.9;
	115	1	67.009	53.336	0	0	1	1	0	11	1	1.1	0.9;
	116	1	162.07	90.321	0	0	1	1	0	11	1	1.1	0.9;
	117	1	48.785	29.156	0	0	1	1	0	11	1	1.1	0.9;
	118	1	33.9	18.98	0	0	1	1	0	11	1	1.1	0.9;
];

%% generator data
%	bus	Pg	Qg	Qmax	Qmin	Vg	mBase	status	Pmax	Pmin	Pc1	Pc2	Qc1min	Qc1max	Qc2min	Qc2max	ramp_agc	ramp_10	ramp_30	ramp_q	apf
mpc.gen = [
	1	0	0	10	-10	1	100	1	10	0	0	0	0	0	0	0	0	0	0	0	0;
];

%% branch data
%	fbus	tbus	r	x	b	rateA	rateB	rateC	ratio	angle	status	angmin	angmax
