function mpc = case_ACTIVSg200
%CASE_ACTIVSG200  Synthetic Illinois 200-bus power system model.
%
%   This is an entirely synthetic 200 bus case, geographically situated
%   in the central part of the US state of Illinois. The case is
%   designed with a 230 and 115 kV transmission network to serve
%   a load that roughly mimics the actual population of its geographic
%   footprint. The synthetic transmission system was designed by
%   algorithms described in [1] to be statistically similar to actual
%   transmission system models but without modeling any actual lines.
%
%   When publishing results based on this data, please cite:
%
%   [1] A.B. Birchfield, T. Xu, K.M. Gegner, K.S. Shetye, T.J. Overbye,
%       "Grid Structural Characteristics as Validation Criteria for
%       Synthetic Networks," IEEE Transactions on Power Systems, 2017.
%
%   This is a synthetic power system model that does not represent the
%   actual grid. It was developed as part of the US ARPA-E GRID DATA
%   research project and contains no CEII.
%
%   One-line diagrams and other data formats available at:
%       https://electricgrids.engr.tamu.edu
%
%   May 16, 2017

%   Created from ACTIV_SG_200.pwb, saved by
%   PowerWorld Simulator, version 20 Beta, build date May 19, 2017,
%   then by MATPOWER 6.

%   MATPOWER
%   Copyright (c) 2017 by A.B. Birchfield, T. Xu, K.M. Gegner, K.S. Shetye,
%   and T.J. Overbye
%   Licensed under the Creative Commons Attribution 4.0 International license,
%   http://creativecommons.org/licenses/by/4.0/

%% MATPOWER Case Format : Version 2
mpc.version = '2';

%%-----  Power Flow Data  -----%%
%% system MVA base
mpc.baseMVA = 100;

%% bus data
%	bus_i	type	Pd	Qd	Gs	Bs	area	Vm	Va	baseKV	zone	Vmax	Vmin	lam_P	lam_Q	mu_Vmax	mu_Vmin
mpc.bus = [
	1	1	0	0	0	0	1	1.0191524	-7.085196	115	2	1.1	0.9	6.8700	0.0000	0.0000	0.0000;
	2	1	7.39	2.1	0	0	1	1.0190346	-7.098018	115	2	1.1	0.9	6.8700	0.0000	0.0000	0.0000;
	3	1	0	0	0	0	1	1.0300537	-10.029102	115	4	1.1	0.9	6.8700	0.0000	0.0000	0.0000;
	4	1	1.7	0.48	0	0	1	1.0300287	-10.031977	115	4	1.1	0.9	6.8700	0.0000	0.0000	0.0000;
	5	1	0	0	0	0	1	1.0372733	-3.546274	115	6	1.1	0.9	6.8700	0.0000	0.0000	0.0000;
	6	1	7.95	2.26	0	0	1	1.0371472	-3.559563	115	6	1.1	0.9	6.8700	0.0000	0.0000	0.0000;
	7	1	0	0	0	0	1	1.0130981	-7.793195	115	2	1.1	0.9	6.8700	0.0000	0.0000	0.0000;
	8	1	23.74	6.77	0	0	1	1.0127362	-7.833073	115	2	1.1	0.9	6.8700	0.0000	0.0000	0.0000;
	9	1	0	0	0	0	1	1.0157742	-7.471766	115	2	1.1	0.9	6.8700	0.0000	0.0000	0.0000;
	10	1	42.68	12.16	0	0	1	1.0150515	-7.561889	115	2	1.1	0.9	6.8700	0.0000	0.0000	0.0000;
	11	1	0	0	0	0	1	1.0464424	-7.604683	115	4	1.1	0.9	6.8700	0.0000	0.0000	0.0000;
	12	1	0.3	0.09	0	0	1	1.046438	-7.60522	115	4	1.1	0.9	6.8700	0.0000	0.0000	0.0000;
	13	1	2.52	0.72	0	0	1	1.0464027	-7.609214	115	4	1.1	0.9	6.8700	0.0000	0.0000	0.0000;
	14	1	0	0	0	0	1	1.044617	-6.245575	230	4	1.1	0.9	6.8700	0.0000	0.0000	0.0000;
	15	1	0	0	0	30	1	1.0491072	-7.105388	115	4	1.1	0.9	6.8700	0.0000	0.0000	0.0000;
	16	1	44.76	12.76	0	0	1	1.048481	-7.176325	115	4	1.1	0.9	6.8700	0.0000	0.0000	0.0000;
	17	1	0	0	0	0	1	1.0247944	-8.305174	115	4	1.1	0.9	6.8700	0.0000	0.0000	0.0000;
	18	1	0.71	0.2	0	0	1	1.0247831	-8.306647	115	4	1.1	0.9	6.8700	0.0000	0.0000	0.0000;
	19	1	0.77	0.22	0	0	1	1.0247839	-8.306404	115	4	1.1	0.9	6.8700	0.0000	0.0000	0.0000;
	20	1	1.13	0.32	0	0	1	1.024777	-8.307127	115	4	1.1	0.9	6.8700	0.0000	0.0000	0.0000;
	21	1	4.61	1.31	0	0	1	1.024716	-8.31463	115	4	1.1	0.9	6.8700	0.0000	0.0000	0.0000;
	22	1	0	0	0	0	1	1.0446532	-8.021549	115	4	1.1	0.9	6.8700	0.0000	0.0000	0.0000;
	23	1	1.41	0.4	0	0	1	1.0446325	-8.023805	115	4	1.1	0.9	6.8700	0.0000	0.0000	0.0000;
	24	1	2.4	0.68	0	0	1	1.0446174	-8.025162	115	4	1.1	0.9	6.8700	0.0000	0.0000	0.0000;
	25	1	0	0	0	0	1	1.0425139	-4.003351	115	6	1.1	0.9	6.8700	0.0000	0.0000	0.0000;
	26	1	1.35	0.39	0	0	1	1.0424947	-4.005417	115	6	1.1	0.9	6.8700	0.0000	0.0000	0.0000;
	27	1	0	0	0	0	1	1.0457273	-7.975065	115	4	1.1	0.9	6.8700	0.0000	0.0000	0.0000;
	28	1	2.33	0.67	0	0	1	1.045689	-7.979706	115	4	1.1	0.9	6.8700	0.0000	0.0000	0.0000;
	29	1	0	0	0	0	1	1.0181686	-7.054086	115	2	1.1	0.9	6.8700	0.0000	0.0000	0.0000;
	30	1	59.09	16.84	0	0	1	1.0172458	-7.149969	115	2	1.1	0.9	6.8700	0.0000	0.0000	0.0000;
	31	1	0	0	0	0	1	1.0215416	-5.832082	115	7	1.1	0.9	6.8700	0.0000	0.0000	0.0000;
	32	1	0.51	0.15	0	0	1	1.0215327	-5.833121	115	7	1.1	0.9	6.8700	0.0000	0.0000	0.0000;
	33	1	6.44	1.84	0	0	1	1.0214429	-5.844415	115	7	1.1	0.9	6.8700	0.0000	0.0000	0.0000;
	34	1	0	0	0	0	1	1.0327185	-9.326455	115	4	1.1	0.9	6.8700	0.0000	0.0000	0.0000;
	35	1	20.76	5.92	0	0	1	1.032392	-9.365615	115	4	1.1	0.9	6.8700	0.0000	0.0000	0.0000;
	36	1	0	0	0	0	1	1.0280697	-6.178381	115	7	1.1	0.9	6.8700	0.0000	0.0000	0.0000;
	37	1	3.57	1.02	0	0	1	1.0280176	-6.18452	115	7	1.1	0.9	6.8700	0.0000	0.0000	0.0000;
	38	1	29.81	8.5	0	0	1	1.0275847	-6.23205	115	7	1.1	0.9	6.8700	0.0000	0.0000	0.0000;
	39	1	7.41	2.11	0	0	1	1.024585	-10.493094	115	4	1.1	0.9	6.8700	0.0000	0.0000	0.0000;
	40	1	2.04	0.58	0	0	1	1.0245573	-10.496396	115	4	1.1	0.9	6.8700	0.0000	0.0000	0.0000;
	41	1	38.34	10.93	0	0	1	1.0462799	-7.96017	115	5	1.1	0.9	6.8700	0.0000	0.0000	0.0000;
	42	1	10.62	3.03	0	0	1	1.0301465	-11.069993	115	4	1.1	0.9	6.8700	0.0000	0.0000	0.0000;
	43	1	2.09	0.59	0	0	1	1.017201	-6.400585	115	2	1.1	0.9	6.8700	0.0000	0.0000	0.0000;
	44	1	4.15	1.18	0	0	1	1.0280137	-10.39886	115	4	1.1	0.9	6.8700	0.0000	0.0000	0.0000;
	45	1	0	0	0	0	1	1.0384367	-2.068677	230	7	1.1	0.9	6.8700	0.0000	0.0000	0.0000;
	46	1	6.34	1.81	0	0	1	1.0378124	-2.889424	115	7	1.1	0.9	6.8700	0.0000	0.0000	0.0000;
	47	1	1.54	0.44	0	0	1	1.0392618	-8.19532	115	4	1.1	0.9	6.8700	0.0000	0.0000	0.0000;
	48	1	1.82	0.52	0	0	1	1.0351468	-4.17501	115	6	1.1	0.9	6.8700	0.0000	0.0000	0.0000;
	49	2	0	0	0	0	1	1.04	-3.80269	13.8	6	1.1	0.9	6.8700	0.0000	0.0000	0.0000;
	50	2	0	0	0	0	1	1.04	-3.896095	13.8	6	1.1	0.9	6.8700	0.0000	0.0000	0.0000;
	51	2	0	0	0	0	1	1.04	-3.742621	13.8	6	1.1	0.9	6.8700	0.0000	0.0000	0.0000;
	52	2	0	0	0	0	1	1.04	-3.914588	13.8	6	1.1	0.9	6.8700	0.0000	0.0000	0.0000;
	53	2	0	0	0	0	1	1.04	-3.349326	13.8	6	1.1	0.9	6.8700	0.0000	0.0000	0.0000;
	54	1	2.66	0.76	0	0	1	1.0375005	-8.493516	115	4	1.1	0.9	6.8700	0.0000	0.0000	0.0000;
	55	1	0	0	0	0	1	1.0370718	-2.298751	230	7	1.1	0.9	6.8700	0.0000	0.0000	0.0000;
	56	1	1.31	0.37	0	0	1	1.0364415	-2.736582	115	7	1.1	0.9	6.8700	0.0000	0.0000	0.0000;
	57	1	2.82	0.8	0	0	1	1.0281336	-10.449132	115	4	1.1	0.9	6.8700	0.0000	0.0000	0.0000;
	58	1	4.23	1.21	0	0	1	1.0349414	-6.030088	115	7	1.1	0.9	6.8700	0.0000	0.0000	0.0000;
	59	1	4.73	1.35	0	0	1	1.0187885	-7.693149	115	2	1.1	0.9	6.8700	0.0000	0.0000	0.0000;
	60	1	3.8	1.08	0	0	1	1.0291097	-6.554687	115	2	1.1	0.9	6.8700	0.0000	0.0000	0.0000;
	61	1	20.55	5.86	0	0	1	1.0351527	-3.102719	115	7	1.1	0.9	6.8700	0.0000	0.0000	0.0000;
	62	1	21.41	6.1	0	0	1	1.0267194	-11.318015	115	4	1.1	0.9	6.8700	0.0000	0.0000	0.0000;
	63	1	7.98	2.27	0	0	1	1.0437777	-8.233032	115	4	1.1	0.9	6.8700	0.0000	0.0000	0.0000;
	64	1	0	0	0	0	1	1.0415417	-2.532761	115	6	1.1	0.9	6.8700	0.0000	0.0000	0.0000;
	65	2	0	0	0	0	1	1.04	2.119	13.8	6	1.1	0.9	6.8700	0.0000	0.0000	0.0000;
	66	1	0	0	0	0	1	1.0410702	-7.846441	115	4	1.1	0.9	6.8700	0.0000	0.0000	0.0000;
	67	2	0	0	0	0	1	1.0405589	-7.73215	13.8	4	1.1	0.9	6.8700	0.0000	0.0000	0.0000;
	68	2	0	0	0	0	1	1.04	-6.669196	13.8	4	1.1	0.9	6.8700	0.0000	0.0000	0.0000;
	69	2	0	0	0	0	1	1.04	-7.421629	13.8	4	1.1	0.9	6.8700	0.0000	0.0000	0.0000;
	70	2	0	0	0	0	1	1.04	-6.959081	13.8	4	1.1	0.9	6.8700	0.0000	0.0000	0.0000;
	71	2	0	0	0	0	1	1.04	-7.48165	13.8	4	1.1	0.9	6.8700	0.0000	0.0000	0.0000;
	72	2	0	0	0	0	1	1.04	-7.512144	13.8	4	1.1	0.9	6.8700	0.0000	0.0000	0.0000;
	73	2	0	0	0	0	1	1.04	-7.193069	13.8	4	1.1	0.9	6.8700	0.0000	0.0000	0.0000;
	74	1	18.76	5.35	0	0	1	1.0294816	-5.12964	115	6	1.1	0.9	6.8700	0.0000	0.0000	0.0000;
	75	1	3.6	1.03	0	0	1	1.028977	-6.116296	115	2	1.1	0.9	6.8700	0.0000	0.0000	0.0000;
	76	2	0	0	0	0	1	1.04	-5.641354	13.8	2	1.1	0.9	6.8700	0.0000	0.0000	0.0000;
