function mpc = case85
%CASE85  Power flow data for 85 bus distribution system
%    Please see CASEFORMAT for details on the case file format.
%
%    Data from ...
%       D. Das, D.P. Kothari, A. Kalam, Simple and efficient method for
%       load flow solution of radial distribution networks, International
%       Journal of Electrical Power & Energy Systems, Volume 17, Issue 5,
%       1995, Pages 335-346.
%       https://doi.org/10.1016/0142-0615(95)00050-0

%% MATPOWER Case Format : Version 2
mpc.version = '2';

%% system MVA base
mpc.baseMVA = 10;

%% bus data
% bus_i  type  Pd  Qd  Gs  Bs  area  Vm  Va  baseKV  zone  Vmax  Vmin
mpc.bus = [
  1  3  0.0000  0.0000  0.0000  0.0000  1  1  0  11.0  1  1.1  0.9
  2  1  0.0000  0.0000  0.0000  0.0000  1  1  0  11.0  1  1.1  0.9
  3  1  0.0000  0.0000  0.0000  0.0000  1  1  0  11.0  1  1.1  0.9
  4  1  0.0560  0.0571  0.0000  0.0000  1  1  0  11.0  1  1.1  0.9
  5  1  0.0000  0.0000  0.0000  0.0000  1  1  0  11.0  1  1.1  0.9
  6  1  0.0353  0.0360  0.0000  0.0000  1  1  0  11.0  1  1.1  0.9
  7  1  0.0000  0.0000  0.0000  0.0000  1  1  0  11.0  1  1.1  0.9
  8  1  0.0353  0.0360  0.0000  0.0000  1  1  0  11.0  1  1.1  0.9
  9  1  0.0000  0.0000  0.0000  0.0000  1  1  0  11.0  1  1.1  0.9
 10  1  0.0000  0.0000  0.0000  0.0000  1  1  0  11.0  1  1.1  0.9
 11  1  0.0560  0.0571  0.0000  0.0000  1  1  0  11.0  1  1.1  0.9
 12  1  0.0000  0.0000  0.0000  0.0000  1  1  0  11.0  1  1.1  0.9
 13  1  0.0000  0.0000  0.0000  0.0000  1  1  0  11.0  1  1.1  0.9
 14  1  0.0353  0.0360  0.0000  0.0000  1  1  0  11.0  1  1.1  0.9
 15  1  0.0353  0.0360  0.0000  0.0000  1  1  0  11.0  1  1.1  0.9
 16  1  0.0353  0.0360  0.0000  0.0000  1  1  0  11.0  1  1.1  0.9
 17  1  0.1120  0.1143  0.0000  0.0000  1  1  0  11.0  1  1.1  0.9
 18  1  0.0560  0.0571  0.0000  0.0000  1  1  0  11.0  1  1.1  0.9
 19  1  0.0560  0.0571  0.0000  0.0000  1  1  0  11.0  1  1.1  0.9
 20  1  0.0353  0.0360  0.0000  0.0000  1  1  0  11.0  1  1.1  0.9
 21  1  0.0353  0.0360  0.0000  0.0000  1  1  0  11.0  1  1.1  0.9
 22  1  0.0353  0.0360  0.0000  0.0000  1  1  0  11.0  1  1.1  0.9
 23  1  0.0560  0.0571  0.0000  0.0000  1  1  0  11.0  1  1.1  0.9
 24  1  0.0353  0.0360  0.0000  0.0000  1  1  0  11.0  1  1.1  0.9
 25  1  0.0353  0.0360  0.0000  0.0000  1  1  0  11.0  1  1.1  0.9
 26  1  0.0560  0.0571  0.0000  0.0000  1  1  0  11.0  1  1.1  0.9
 27  1  0.0000  0.0000  0.0000  0.0000  1  1  0  11.0  1  1.1  0.9
 28  1  0.0560  0.0571  0.0000  0.0000  1  1  0  11.0  1  1.1  0.9
 29  1  0.0000  0.0000  0.0000  0.0000  1  1  0  11.0  1  1.1  0.9
 30  1  0.0353  0.0360  0.0000  0.0000  1  1  0  11.0  1  1.1  0.9
 31  1  0.0353  0.0360  0.0000  0.0000  1  1  0  11.0  1  1.1  0.9
 32  1  0.0000  0.0000  0.0000  0.0000  1  1  0  11.0  1  1.1  0.9
 33  1  0.0140  0.0143  0.0000  0.0000  1  1  0  11.0  1  1.1  0.9
 34  1  0.0000  0.0000  0.0000  0.0000  1  1  0  11.0  1  1.1  0.9
 35  1  0.0000  0.0000  0.0000  0.0000  1  1  0  11.0  1  1.1  0.9
 36  1  0.0353  0.0360  0.0000  0.0000  1  1  0  11.0  1  1.1  0.9
 37  1  0.0560  0.0571  0.0000  0.0000  1  1  0  11.0  1  1.1  0.9
 38  1  0.0560  0.0571  0.0000  0.0000  1  1  0  11.0  1  1.1  0.9
 39  1  0.0560  0.0571  0.0000  0.0000  1  1  0  11.0  1  1.1  0.9
 40  1  0.0353  0.0360  0.0000  0.0000  1  1  0  11.0  1  1.1  0.9
 41  1  0.0000  0.0000  0.0000  0.0000  1  1  0  11.0  1  1.1  0.9
 42  1  0.0353  0.0360  0.0000  0.0000  1  1  0  11.0  1  1.1  0.9
 43  1  0.0353  0.0360  0.0000  0.0000  1  1  0  11.0  1  1.1  0.9
 44  1  0.0353  0.0360  0.0000  0.0000  1  1  0  11.0  1  1.1  0.9
 45  1  0.0353  0.0360  0.0000  0.0000  1  1  0  11.0  1  1.1  0.9
 46  1  0.0353  0.0360  0.0000  0.0000  1  1  0  11.0  1  1.1  0.9
 47  1  0.0140  0.0143  0.0000  0.0000  1  1  0  11.0  1  1.1  0.9
 48  1  0.0000  0.0000  0.0000  0.0000  1  1  0  11.0  1  1.1  0.9
 49  1  0.0000  0.0000  0.0000  0.0000  1  1  0  11.0  1  1.1  0.9
 50  1  0.0363  0.0370  0.0000  0.0000  1  1  0  11.0  1  1.1  0.9
 51  1  0.0560  0.0571  0.0000  0.0000  1  1  0  11.0  1  1.1  0.9
 52  1  0.0000  0.0000  0.0000  0.0000  1  1  0  11.0  1  1.1  0.9
 53  1  0.0353  0.0360  0.0000  0.0000  1  1  0  11.0  1  1.1  0.9
 54  1  0.0560  0.0571  0.0000  0.0000  1  1  0  11.0  1  1.1  0.9
 55  1  0.0560  0.0571  0.0000  0.0000  1  1  0  11.0  1  1.1  0.9
 56  1  0.0140  0.0143  0.0000  0.0000  1  1  0  11.0  1  1.1  0.9
 57  1  0.0560  0.0571  0.0000  0.0000  1  1  0  11.0  1  1.1  0.9
 58  1  0.0000  0.0000  0.0000  0.0000  1  1  0  11.0  1  1.1  0.9
 59  1  0.0560  0.0571  0.0000  0.0000  1  1  0  11.0  1  1.1  0.9
 60  1  0.0560  0.0571  0.0000  0.0000  1  1  0  11.0  1  1.1  0.9
 61  1  0.0560  0.0571  0.0000  0.0000  1  1  0  11.0  1  1.1  0.9
 62  1  0.0560  0.0571  0.0000  0.0000  1  1  0  11.0  1  1.1  0.9
 63  1  0.0140  0.0143  0.0000  0.0000  1  1  0  11.0  1  1.1  0.9
 64  1  0.0000  0.0000  0.0000  0.0000  1  1  0  11.0  1  1.1  0.9
 65  1  0.0000  0.0000  0.0000  0.0000  1  1  0  11.0  1  1.1  0.9
 66  1  0.0560  0.0571  0.0000  0.0000  1  1  0  11.0  1  1.1  0.9
 67  1  0.0000  0.0000  0.0000  0.0000  1  1  0  11.0  1  1.1  0.9
 68  1  0.0000  0.0000  0.0000  0.0000  1  1  0  11.0  1  1.1  0.9
 69  1  0.0560  0.0571  0.0000  0.0000  1  1  0  11.0  1  1.1  0.9
 70  1  0.0000  0.0000  0.0000  0.0000  1  1  0  11.0  1  1.1  0.9
 71  1  0.0353  0.0360  0.0000  0.0000  1  1  0  11.0  1  1.1  0.9
 72  1  0.0560  0.0571  0.0000  0.0000  1  1  0  11.0  1  1.1  0.9
 73  1  0.0000  0.0000  0.0000  0.0000  1  1  0  11.0  1  1.1  0.9
 74  1  0.0560  0.0571  0.0000  0.0000  1  1  0  11.0  1  1.1  0.9
 75  1  0.0353  0.0360  0.0000  0.0000  1  1  0  11.0  1  1.1  0.9
 76  1  0.0560  0.0571  0.0000  0.0000  1  1  0  11.0  1  1.1  0.9
 77  1  0.0140  0.0143  0.0000  0.0000  1  1  0  11.0  1  1.1  0.9
 78  1  0.0560  0.0571  0.0000  0.0000  1  1  0  11.0  1  1.1  0.9
 79  1  0.0353  0.0360  0.0000  0.0000  1  1  0  11.0  1  1.1  0.9
 80  1  0.0560  0.0571  0.0000  0.0000  1  1  0  11.0  1  1.1  0.9
 81  1  0.0000  0.0000  0.0000  0.0000  1  1  0  11.0  1  1.1  0.9
 82  1  0.0560  0.0571  0.0000  0.0000  1  1  0  11.0  1  1.1  0.9
 83  1  0.0353  0.0360  0.0000  0.0000  1  1  0  11.0  1  1.1  0.9
 84  1  0.0140  0.0143  0.0000  0.0000  1  1  0  11.0  1  1.1  0.9
 85  1  0.0353  0.0360  0.0000  0.0000  1  1  0  11.0  1  1.1  0.9
];

%% generator data
% bus  Pg  Qg  Qmax  Qmin Vg  mBase  status  Pmax  Pmin  Pc1  Pc2  Qc1min  Qc1max  Qc2min  Qc2max  ramp_agc  ramp_10  ramp_30  ramp_q  apf
mpc.gen = [
  1  0.0000  0.0000  999  -999  1.0000  100  1   999  0  0  0  0  0  0  0  0  0  0  0  0
];

%% branch data
% fbus  tbus  r  x  b  rateA  rateB  rateC  ratio  angle  status  angmin  angmax
