function mpc = case69
%CASE69  Power flow data for 69 bus distribution system
%    Please see CASEFORMAT for details on the case file format.
%
%    Data from ...
%       D. Das, Optimal placement of capacitors in radial distribution
%       system using a Fuzzy-GA method, International Journal of Electrical
%       Power & Energy Systems, Volume 30, Issues 6–7, July–September 2008,
%       Pages 361-367
%       https://doi.org/10.1016/j.ijepes.2007.08.004

%% MATPOWER Case Format : Version 2
mpc.version = '2';

%% system MVA base
mpc.baseMVA = 10;

%% bus data
% bus_i  type  Pd  Qd  Gs  Bs  area  Vm  Va  baseKV  zone  Vmax  Vmin
mpc.bus = [
  1  3  0.0000  0.0000  0.0000  0.0000  1  1  0  12.7  1  1.1  0.9
  2  1  0.0000  0.0000  0.0000  0.0000  1  1  0  12.7  1  1.1  0.9
  3  1  0.0000  0.0000  0.0000  0.0000  1  1  0  12.7  1  1.1  0.9
  4  1  0.0000  0.0000  0.0000  0.0000  1  1  0  12.7  1  1.1  0.9
  5  1  0.0000  0.0000  0.0000  0.0000  1  1  0  12.7  1  1.1  0.9
  6  1  0.0026  0.0022  0.0000  0.0000  1  1  0  12.7  1  1.1  0.9
  7  1  0.0404  0.0300  0.0000  0.0000  1  1  0  12.7  1  1.1  0.9
  8  1  0.0750  0.0540  0.0000  0.0000  1  1  0  12.7  1  1.1  0.9
  9  1  0.0300  0.0220  0.0000  0.0000  1  1  0  12.7  1  1.1  0.9
 10  1  0.0280  0.0190  0.0000  0.0000  1  1  0  12.7  1  1.1  0.9
 11  1  0.1450  0.1040  0.0000  0.0000  1  1  0  12.7  1  1.1  0.9
 12  1  0.1450  0.1040  0.0000  0.0000  1  1  0  12.7  1  1.1  0.9
 13  1  0.0080  0.0055  0.0000  0.0000  1  1  0  12.7  1  1.1  0.9
 14  1  0.0080  0.0055  0.0000  0.0000  1  1  0  12.7  1  1.1  0.9
 15  1  0.0000  0.0000  0.0000  0.0000  1  1  0  12.7  1  1.1  0.9
 16  1  0.0455  0.0300  0.0000  0.0000  1  1  0  12.7  1  1.1  0.9
 17  1  0.0600  0.0350  0.0000  0.0000  1  1  0  12.7  1  1.1  0.9
 18  1  0.0600  0.0350  0.0000  0.0000  1  1  0  12.7  1  1.1  0.9
 19  1  0.0000  0.0000  0.0000  0.0000  1  1  0  12.7  1  1.1  0.9
 20  1  0.0010  0.0006  0.0000  0.0000  1  1  0  12.7  1  1.1  0.9
 21  1  0.1140  0.0810  0.0000  0.0000  1  1  0  12.7  1  1.1  0.9
 22  1  0.0053  0.0035  0.0000  0.0000  1  1  0  12.7  1  1.1  0.9
 23  1  0.0000  0.0000  0.0000  0.0000  1  1  0  12.7  1  1.1  0.9
 24  1  0.0280  0.0200  0.0000  0.0000  1  1  0  12.7  1  1.1  0.9
 25  1  0.0000  0.0000  0.0000  0.0000  1  1  0  12.7  1  1.1  0.9
 26  1  0.0140  0.0100  0.0000  0.0000  1  1  0  12.7  1  1.1  0.9
 27  1  0.0140  0.0100  0.0000  0.0000  1  1  0  12.7  1  1.1  0.9
 28  1  0.0260  0.0186  0.0000  0.0000  1  1  0  12.7  1  1.1  0.9
 29  1  0.0260  0.0186  0.0000  0.0000  1  1  0  12.7  1  1.1  0.9
 30  1  0.0000  0.0000  0.0000  0.0000  1  1  0  12.7  1  1.1  0.9
 31  1  0.0000  0.0000  0.0000  0.0000  1  1  0  12.7  1  1.1  0.9
 32  1  0.0000  0.0000  0.0000  0.0000  1  1  0  12.7  1  1.1  0.9
 33  1  0.0140  0.0100  0.0000  0.0000  1  1  0  12.7  1  1.1  0.9
 34  1  0.0195  0.0140  0.0000  0.0000  1  1  0  12.7  1  1.1  0.9
 35  1  0.0060  0.0040  0.0000  0.0000  1  1  0  12.7  1  1.1  0.9
 36  1  0.0260  0.0186  0.0000  0.0000  1  1  0  12.7  1  1.1  0.9
 37  1  0.0260  0.0186  0.0000  0.0000  1  1  0  12.7  1  1.1  0.9
 38  1  0.0000  0.0000  0.0000  0.0000  1  1  0  12.7  1  1.1  0.9
 39  1  0.0240  0.0170  0.0000  0.0000  1  1  0  12.7  1  1.1  0.9
 40  1  0.0240  0.0170  0.0000  0.0000  1  1  0  12.7  1  1.1  0.9
 41  1  0.0012  0.0010  0.0000  0.0000  1  1  0  12.7  1  1.1  0.9
 42  1  0.0000  0.0000  0.0000  0.0000  1  1  0  12.7  1  1.1  0.9
 43  1  0.0060  0.0043  0.0000  0.0000  1  1  0  12.7  1  1.1  0.9
 44  1  0.0000  0.0000  0.0000  0.0000  1  1  0  12.7  1  1.1  0.9
 45  1  0.0392  0.0263  0.0000  0.0000  1  1  0  12.7  1  1.1  0.9
 46  1  0.0392  0.0263  0.0000  0.0000  1  1  0  12.7  1  1.1  0.9
 47  1  0.0000  0.0000  0.0000  0.0000  1  1  0  12.7  1  1.1  0.9
 48  1  0.0790  0.0564  0.0000  0.0000  1  1  0  12.7  1  1.1  0.9
 49  1  0.3847  0.2745  0.0000  0.0000  1  1  0  12.7  1  1.1  0.9
 50  1  0.3847  0.2745  0.0000  0.0000  1  1  0  12.7  1  1.1  0.9
 51  1  0.0405  0.0283  0.0000  0.0000  1  1  0  12.7  1  1.1  0.9
 52  1  0.0036  0.0027  0.0000  0.0000  1  1  0  12.7  1  1.1  0.9
 53  1  0.0043  0.0035  0.0000  0.0000  1  1  0  12.7  1  1.1  0.9
 54  1  0.0264  0.0190  0.0000  0.0000  1  1  0  12.7  1  1.1  0.9
 55  1  0.0240  0.0172  0.0000  0.0000  1  1  0  12.7  1  1.1  0.9
 56  1  0.0000  0.0000  0.0000  0.0000  1  1  0  12.7  1  1.1  0.9
 57  1  0.0000  0.0000  0.0000  0.0000  1  1  0  12.7  1  1.1  0.9
 58  1  0.0000  0.0000  0.0000  0.0000  1  1  0  12.7  1  1.1  0.9
 59  1  0.1000  0.0720  0.0000  0.0000  1  1  0  12.7  1  1.1  0.9
 60  1  0.0000  0.0000  0.0000  0.0000  1  1  0  12.7  1  1.1  0.9
 61  1  1.2440  0.8880  0.0000  0.0000  1  1  0  12.7  1  1.1  0.9
 62  1  0.0320  0.0230  0.0000  0.0000  1  1  0  12.7  1  1.1  0.9
 63  1  0.0000  0.0000  0.0000  0.0000  1  1  0  12.7  1  1.1  0.9
 64  1  0.2270  0.1620  0.0000  0.0000  1  1  0  12.7  1  1.1  0.9
 65  1  0.0590  0.0420  0.0000  0.0000  1  1  0  12.7  1  1.1  0.9
 66  1  0.0180  0.0130  0.0000  0.0000  1  1  0  12.7  1  1.1  0.9
 67  1  0.0180  0.0130  0.0000  0.0000  1  1  0  12.7  1  1.1  0.9
 68  1  0.0280  0.0200  0.0000  0.0000  1  1  0  12.7  1  1.1  0.9
 69  1  0.0280  0.0200  0.0000  0.0000  1  1  0  12.7  1  1.1  0.9
];

%% generator data
% bus  Pg  Qg  Qmax  Qmin Vg  mBase  status  Pmax  Pmin  Pc1  Pc2  Qc1min  Qc1max  Qc2min  Qc2max  ramp_agc  ramp_10  ramp_30  ramp_q  apf
mpc.gen = [
  1  0.0000  0.0000  999  -999  1.0000  100  1   999  0  0  0  0  0  0  0  0  0  0  0  0
];

%% branch data
% fbus  tbus  r  x  b  rateA  rateB  rateC  ratio  angle  status  angmin  angmax
